-8.56546e-06
-7.60915e-06
-3.62846e-06
-2.13035e-07
 2.52659e-06
 2.77641e-06
    0.431291
    0.461262
    0.626118
     0.70581
    0.824274
    0.946325
     1.14695
      1.2164
     1.43752
     1.55037
     1.58181
     1.72032
     1.77754
     1.83129
     1.93853
      1.9803
     2.13368
     2.27354
     2.35583
      2.3751
     2.39748
     2.44582
     2.65975
     2.73263
     2.79426
     3.01564
     3.06979
     3.16925
      3.2691
     3.40479
     3.47481
     3.62167
     3.68784
     3.77087
     3.90946
     3.98682
     4.07383
     4.15671
     4.21305
     4.29796
      4.3704
     4.43772
     4.48997
     4.53325
     4.68429
     4.72705
     4.77368
     4.91309
     4.94909
     5.04386
     5.10407
     5.17099
     5.37874
     5.43124
      5.4733
     5.58806
     5.64708
     5.71247
     5.77069
     5.86473
     5.92443
     6.00219
     6.05352
     6.11204
     6.18755
     6.24671
     6.27028
     6.33479
     6.39013
     6.44545
     6.48215
     6.52045
     6.62545
     6.70864
     6.74703
     6.82198
     6.85992
     6.87548
     6.94309
     7.02454
     7.11281
     7.24964
     7.26487
     7.31874
     7.38836
     7.47398
     7.52391
     7.56341
     7.58414
     7.72848
     7.77946
     7.82095
     7.88849
     7.92977
     7.95779
     8.04711
     8.08676
     8.09118
     8.19204
     8.21025
     8.26109
      8.3767
     8.40933
     8.50445
       8.513
     8.57274
     8.61634
     8.64286
     8.68859
     8.76807
      8.8001
     8.84924
     9.07747
     9.12541
     9.16306
     9.18124
     9.23463
     9.31602
     9.37413
     9.44319
     9.48555
     9.53055
        9.59
     9.59958
     9.66351
     9.75421
     9.76587
     9.82269
     9.96589
     10.0077
     10.0581
     10.1152
     10.1939
     10.3128
     10.3857
     10.4444
     10.4923
     10.5593
     10.6168
     10.7639
     10.8236
     10.8671
     11.0019
     11.3707
     11.4734
     11.5518
     11.6467
     11.7443
     11.8152
     11.9536
     11.9894
     12.1479
     12.3586
     12.3807
       12.57
     12.7844
     12.8403
      13.031
     13.1221
     13.2584
     13.3574
     13.3976
     13.7921
     14.0598
     14.2464
     14.3166
     14.6454
      15.091
     15.3523
     15.4927
     16.0496
     16.3136
     16.6238
     17.4628
     18.0527
     18.1467
     18.4556
     18.4845
     19.0985
     19.2585
     19.2841
     19.4451
     19.4882
     20.1701
     20.8132
     20.9793
     21.1757
     21.6341
     21.8141
     21.8935
     22.0116
     22.0966
     22.3108
     22.6641
     22.7211
     22.8749
     23.0525
     23.2179
     23.4062
     23.5743
     23.6049
     23.7486
     23.8572
     23.9779
     24.0331
     24.1454
     24.2422
      24.521
     24.8253
      24.878
     25.3129
     25.4259
     25.6776
     25.7355
     25.9619
     26.3137
     26.5133
     26.6649
      26.771
     26.9272
     27.0861
     27.4346
      27.474
      27.623
     27.8021
     28.1213
     28.2097
     28.5024
     28.6411
     28.8329
      29.037
     29.1737
      29.546
     29.6123
     30.0478
     30.2275
     30.4293
     30.5352
     30.8551
     31.2658
     31.8245
     32.2605
     32.4384
     32.6871
      32.967
     33.1795
     33.4299
      33.469
     33.9446
     34.2895
     34.9132
     35.5178
     35.5746
      35.937
     36.1888
     36.7623
     37.3314
     37.5697
     39.6785
     40.1644
     41.0107
     41.2263
     42.4233
     43.1976
