6 0.286105
7 0.236616
8 0.310667
9 0.232356
10 0.190586
11 0.249858
12 0.0590307
13 0.618999
14 0.297393
15 0.527009
16 0.319657
17 0.408379
18 0.174352
19 0.325112
20 0.265284
21 0.524323
22 0.377186
23 0.357664
24 0.300521
25 0.436178
26 0.414553
27 0.407358
28 0.465973
29 0.224999
30 0.538771
31 0.159943
32 0.291528
33 0.112839
34 0.700907
35 0.552718
36 0.38027
37 0.525125
38 0.269687
39 0.481805
40 0.440756
41 0.360213
42 0.392403
43 0.280521
44 0.510466
45 0.278404
46 0.443161
47 0.433761
48 0.510635
49 0.533974
50 0.506935
51 0.422861
52 0.549027
53 0.575884
54 0.4291
55 0.405343
56 0.337552
57 0.536967
58 0.569042
59 0.452323
60 0.533328
61 0.598296
62 0.44488
63 0.469155
64 0.615053
65 0.659764
66 0.333177
67 0.515599
68 0.462728
69 0.515073
70 0.515555
71 0.365184
72 0.420184
73 0.391512
74 0.54138
75 0.262243
76 0.534103
77 0.389237
78 0.482593
79 0.553757
80 0.512512
81 0.518128
82 0.556378
83 0.477271
84 0.423894
85 0.576722
86 0.513534
87 0.377408
88 0.598977
89 0.494676
90 0.464228
91 0.515637
92 0.289748
93 0.526329
94 0.484472
95 0.614288
96 0.520735
97 0.577685
98 0.489835
99 0.509891
100 0.509707
101 0.498986
102 0.55751
103 0.484375
104 0.534127
105 0.606394
106 0.365335
107 0.367719
108 0.422221
109 0.504732
110 0.651317
111 0.545192
112 0.560573
113 0.565757
114 0.451043
115 0.530705
116 0.639627
117 0.50572
118 0.511767
119 0.441855
120 0.498613
121 0.60277
122 0.592008
123 0.624456
124 0.497126
125 0.490539
126 0.421665
127 0.567115
128 0.534176
129 0.488199
130 0.334815
131 0.380255
132 0.480307
133 0.597395
134 0.477308
135 0.541344
136 0.365545
137 0.453844
138 0.434055
139 0.475015
140 0.320002
141 0.326909
142 0.265931
143 0.445595
144 0.431114
145 0.292099
146 0.327284
147 0.435193
148 0.510297
149 0.485021
150 0.412174
151 0.474848
152 0.3979
153 0.296172
154 0.408513
155 0.335708
156 0.288818
157 0.286738
158 0.25836
159 0.369723
160 0.37129
161 0.367383
162 0.354812
163 0.374349
164 0.302693
165 0.367973
166 0.389857
167 0.367969
168 0.370101
169 0.398549
170 0.366079
171 0.385687
172 0.359115
173 0.24511
174 0.225011
175 0.299717
176 0.130725
177 0.13842
178 0.268087
179 0.249946
180 0.31742
181 0.229699
182 0.426126
183 0.224614
184 0.234569
185 0.233066
186 0.38454
187 0.412987
188 0.2454
189 0.440357
190 0.355152
191 0.198256
192 0.220931
193 0.224189
194 0.455707
195 0.12193
196 0.289973
197 0.0577533
198 0.467303
199 0.124095
200 0.238958
201 0.197428
202 0.40382
203 0.429869
204 0.328572
205 0.157365
206 0.298385
207 0.255354
208 0.196941
209 0.231364
210 0.503167
211 0.506624
212 0.188197
213 0.36181
214 0.372265
215 0.197419
216 0.471759
217 0.11695
218 0.218246
219 0.378701
220 0.323739
221 0.27459
222 0.180139
223 0.210025
224 0.323094
225 0.302175
226 0.317528
227 0.413629
228 0.318161
229 0.430195
230 0.437136
231 0.18068
232 0.260782
233 0.298701
234 0.453022
235 0.456818
236 0.373077
237 0.324037
238 0.264319
239 0.326555
240 0.202768
241 0.336832
242 0.460581
243 0.176183
244 0.0812891
245 0.121388
246 0.213058
247 0.148495
248 0.233981
249 0.197508
250 0.358932
251 0.249652
252 0.236552
253 0.167136
254 0.0748061
255 0.194778
256 0.153462
257 0.166485
258 0.159504
259 0.127283
260 0.108751
261 0.0973927
262 0.0916161
263 0.104083
264 0.0668382
265 0.0708991
266 0.056841
267 0.0767387
268 0.0430385
269 0.060019
