2.23007 3.07112 21.7164
0.0371422 -0.141054 0.0291543
-0.10525 -0.48937 0.0053
0.0802891 0.127125 -0.026834
-0.0196108 -0.150346 0.0150208
-0.0562256 -0.208003 -0.0162528
0.0477338 0.161774 -0.014362
0.00763189 -0.0325366 0.08795
-0.0351968 -0.105142 0.0233465
0.0265812 0.0354123 -0.030789
0.0219158 -0.0336727 0.0560259
-0.0575786 -0.106402 -0.0415383
0.0484507 -0.00140672 -0.0852789
-0.0053025 -0.0400092 -0.0572672
-0.070933 -0.0978012 0.0499242
0.0590477 0.0184962 0.0214689
-0.0185881 -0.0163202 -0.0220044
-0.0324784 -0.0127493 0.0788722
0.0304672 0.0184519 0.0251203
-0.00729522 -0.00596176 0.106019
-0.029141 -0.0103515 0.0658102
0.0199015 -0.0323129 0.0543628
-0.0115637 -0.00776827 0.102211
-0.0334383 -0.0037237 -0.032301
0.0129577 -0.0655882 -0.0243288
-0.0236117 0.011334 0.0345211
-0.0269891 0.0267855 0.0261864
0.0205982 -0.035825 -0.0805883
-0.0192241 0.0187178 0.0187646
-0.0139478 0.0325277 -0.0195648
0.00711389 -0.0311939 -0.0561369
-0.0107806 0.0109606 -0.130002
-0.0164599 0.0317891 0.0848956
-0.00842477 -0.0723218 -0.0290085
-0.0134639 0.0303241 -0.120302
-0.0161929 0.0552627 0.0344716
-0.0004805 -0.100693 -0.0990504
-0.0146427 0.0575587 -0.105813
-0.0106691 0.0733901 0.0221543
0.00347276 -0.0671757 -0.0117597
0.000252946 0.0375165 0.00962618
-0.000178016 0.0578668 0.109862
-0.0162055 -0.0518414 0.0739035
0.00449525 0.0280612 0.0587027
0.00223157 0.0925099 0.0149979
-0.0357884 -0.0995385 0.0514951
0.0112889 0.0874491 0.064969
0.0143348 0.133448 0.0204233
-0.0281106 -0.112247 -0.0214076
0.0165862 0.0908167 0.07633
0.0227563 0.0895844 0.0138605
-0.0237178 -0.0763485 0.170174
0.0184996 0.0233621 0.148194
0.01962 0.0610127 0.0607938
-0.0364372 -0.0386472 0.1099
0.019753 0.0178667 0.101493
0.0236661 0.0118896 -0.0686856
-0.0258198 -0.013713 -0.0458562
0.0423849 -0.00694485 -0.0350695
0.0510978 -0.0558527 -0.0189225
-0.0362989 0.0153906 -0.110027
0.0458315 -0.0672688 -0.0143736
0.052675 -0.109082 -0.0473207
-0.0423512 0.0673965 -0.0224685
0.0568043 -0.0666129 0.0346378
0.0506196 -0.161548 -0.00254442
-0.0196729 0.0513019 -0.0456988
0.0504891 -0.0171043 -0.0133433
0.0498727 -0.148353 -0.00862257
-0.00555208 -0.00175038 -0.0485804
0.0329182 -0.0147653 -0.0048192
0.025981 -0.0614838 -0.0178298
0.00862099 -0.0206048 -0.0304176
0.0320409 -0.0278467 0.00492348
0.0164788 -0.0978887 -0.00780456
0.0208427 -0.024475 -0.108141
0.0161964 -0.0226291 -0.0991135
0.000980589 -0.0497469 -0.0225797
0.0274304 -0.031369 -0.0936829
0.0181637 -0.0186897 -0.106668
-0.00786702 -0.0537774 -0.0435754
0.0484484 -0.076832 0.0959472
0.00662651 -0.00900826 -0.0342757
-0.0225057 -0.0073873 0.0223765
0.0564007 -0.095575 0.0178081
-0.0023994 -0.00461454 0.0683762
-0.0136208 0.0123437 0.0823186
0.0332716 -0.0983896 -0.115912
0.00486903 -0.0149266 0.027553
-0.00429149 0.00407105 0.0531343
0.026766 -0.0720549 0.255327
-0.00249992 0.00945337 -0.0394224
-0.00235074 0.0190879 0.0598126
0.0125541 -0.0385456 -0.111298
-0.00186943 0.0143393 0.0512093
-0.000470405 0.0185368 0.0363972
0.00552584 -0.0273345 -0.107191
-0.0058913 0.0164295 0.0787521
-0.00202609 0.0264745 0.0499716
-0.00484953 -0.0183622 -0.0486995
-0.01088 0.00817637 0.0338804
-0.00496666 0.0273707 0.0233865
-0.0107985 -0.00609388 -0.0541649
-0.013611 -0.00153647 0.0456222
-0.00515055 0.0354692 0.00304039
-0.0231957 0.0107756 0.057395
-0.0232827 0.00538755 0.163164
-0.012928 0.0496827 -0.123438
-0.0227417 0.0151621 -0.00557652
-0.0307194 0.00232135 -0.0608989
-0.0167077 0.0838927 -0.0187138
-0.0369221 0.0699138 0.0189599
-0.0323192 -0.00295146 -0.0544288
-0.0257369 0.0654141 -0.0878736
-0.0495485 0.0151423 -0.0174647
-0.0180874 -0.00528599 0.0671666
-0.014856 0.0523126 0.0105022
-0.0508008 0.0111643 0.091505
-0.0130679 0.00564084 0.0104775
-0.0156118 0.0361844 -0.00985545
-0.0323688 -0.0262833 -0.0263765
-0.0089157 0.0118907 0.0313356
-0.00784793 0.0224577 -0.0398418
-0.0188792 -0.0273447 0.00886798
-0.0105044 0.0194942 0.0398717
-0.00975972 0.0209605 -0.00970449
0.00097339 -0.0256349 -0.0354908
-0.0123141 0.0208953 0.0402872
-0.00774749 0.0272378 0.0132037
0.00189484 -0.0236842 -0.0638187
-0.0129603 0.0231727 -0.0311019
-0.00730243 0.0355809 -0.0970227
0.00273993 -0.0301142 0.0276568
-0.0117307 0.020136 -0.0342387
-0.00798551 0.0331222 -0.0623314
0.00280722 -0.0484257 0.0254506
-0.00778089 0.00921286 0.0288923
-0.0139339 0.023157 0.00203897
0.0230323 -0.0547025 0.0215933
-0.0185824 0.0271325 0.0326375
-0.026679 0.0396988 -0.00789391
0.0357734 -0.0800188 0.0151635
-0.0194243 0.0124663 0.0350334
-0.0349895 0.0173643 -0.00406569
0.0527131 -0.0732301 0.0145003
-0.0100511 -0.0162331 -0.0315016
-0.0287554 -0.0344557 0.00267217
0.0480402 -0.031714 0.0159441
-0.0286321 -0.0206133 -0.00746841
-0.0352916 -0.0273746 0.020885
0.0548522 0.0172603 0.00354464
-0.013981 -0.0770741 -0.03075
-0.0205356 -0.106586 0.0423833
0.0357218 0.0968666 0.010408
0.00500579 -0.0742664 -0.00053333
0.00144349 -0.104943 0.0597586
0.00837813 0.0903928 0.0053529
-0.0160022 -0.0624915 -0.0764228
-0.00228796 -0.053735 0.0426349
-0.00935967 0.128582 0.00977499
-0.0294455 -0.0191558 0.0503918
-0.016504 -0.00850725 -0.0126454
0.00892546 0.0755617 0.0454771
-0.0179727 -0.000795835 0.0452861
-0.0158986 -0.000485542 -0.00333353
0.0163569 0.00976943 -0.0054243
-0.0296381 0.0233872 0.103764
-0.0251754 0.0369922 -0.0483894
0.0228478 -0.0127617 0.00855202
-0.0253251 0.0287445 0.0809806
-0.0177305 0.0422471 -0.0717775
0.0134123 -0.0252014 0.0329203
-0.0267073 0.0472232 0.0138772
-0.0164845 0.0567182 -0.0393764
0.0106753 -0.0360712 -0.00324253
-0.0209883 0.0440605 -0.000572656
-0.0100517 0.036156 -0.0465431
0.00653942 -0.0229322 -0.0116578
-0.0129759 0.0345686 0.0578979
-0.008218 0.0370906 -0.0490785
-0.00531567 -0.0269388 0.00134085
-0.00601098 0.0313133 0.00446953
-0.00549224 0.0137403 -0.0546439
0.00278416 -0.0107245 -0.0582442
-8.37857e-05 0.0703926 0.0322633
0.00815297 0.0138749 0.00678663
0.0123758 -0.00953003 -0.0234263
-0.013512 0.0947013 -0.0219729
-0.00596044 0.0565908 -0.00325161
0.00750517 -0.0337067 0.0773988
-0.05158 0.0722796 -0.02254
-0.00468524 0.0578919 0.0452368
0.0129195 -0.0135437 0.0389434
-0.0557806 0.0619248 -0.0611806
-0.0122495 0.0693434 0.101317
0.0163765 -0.0132073 0.0076961
-0.0467263 0.0249402 -0.0652076
-0.00795174 0.0573012 -0.00615185
0.0103689 0.0214393 0.095205
-0.0449614 0.0175795 -0.00905989
-0.0176632 0.0437007 0.0654874
0.00830904 0.0399251 0.0527419
-0.0281759 -0.0068962 -0.0823785
-0.00831481 0.0230906 -0.237901
-0.0101802 0.0604601 0.0670501
-0.0137337 -0.0296321 -0.0709787
0.000755028 -0.0123174 0.0293341
-0.0159377 0.0711443 -0.053486
0.00544012 -0.0289591 -0.0203063
0.00807633 -0.0398495 -0.0140363
-0.00990076 0.0411508 -0.111062
0.00792027 -0.0365242 -0.120322
0.0173133 -0.0292702 0.124212
-0.0321566 0.0583903 0.00705163
-0.00437986 -0.0188823 0.0610066
0.00506681 0.0140399 0.06088
-0.0278852 0.0374334 0.0969944
0.00115307 -0.00545286 0.130426
0.00501559 0.00704084 0.0449603
-0.00982529 0.00392928 -0.0254762
0.00773381 0.0126795 -0.0622534
0.00860394 0.0128722 -0.0561723
-0.00679657 -0.0111396 0.024336
0.00979046 0.0235136 0.000240536
0.0093773 0.0144569 -0.0565822
0.00258166 -0.0185617 -0.0110297
-0.00303503 0.025878 -0.155645
0.00230916 0.0262161 -0.11222
0.00440444 -0.0167907 -0.00738695
-0.0092705 0.0451448 -0.118166
0.0016536 0.0407138 0.00773455
0.00767947 -0.0043458 0.0727831
-0.0265168 0.035262 0.000354731
0.00463123 0.0434205 0.0109076
0.0116972 0.0377897 0.0276189
-0.0371338 0.0330133 -0.0480964
-0.00705738 0.0576848 -0.0129463
0.0152595 0.0521642 -0.00414139
-0.0275413 0.008604 -0.0604634
-0.00950303 0.028604 0.0116442
0.0108688 0.0300098 0.0711518
-0.0261301 0.00640427 -0.0478434
-0.00346696 0.0319697 -0.0124313
-0.0133374 0.0335895 0.0962416
-0.0239523 -0.0193922 -0.0422951
0.00386518 0.0236159 0.0756542
-0.0294621 0.0480412 0.0143104
-0.0543344 -0.0643279 -0.0215983
0.00527519 0.0536862 0.0894768
-0.0103351 0.129256 0.0082138
-0.0592777 -0.0647441 0.0376302
-0.00137196 0.0180527 -0.00971698
-0.0187831 0.111694 -0.0181227
-0.0409095 -0.0776081 -0.0364678
0.00244829 -0.0144356 -0.0634718
-0.0180994 0.0895955 -0.00567292
-0.0211194 -0.0616917 -0.00640479
0.0171582 0.00903732 -0.0281036
-0.0461211 0.0551337 0.0124643
-0.00522612 -0.011943 -0.0925702
0.0174711 0.0122838 -0.07186
-0.0363735 0.0113392 -0.0879954
0.00871931 -0.00914954 -0.010886
0.0164132 -0.0108661 -0.000400791
-0.0207515 0.0132911 -0.0386717
0.0472993 0.0387136 -0.0326682
0.0251344 0.011344 0.0177889
-0.0548861 -0.00605412 -0.0172132
0.695081 0.0132394 -0.00169432
0.560184 -0.0447638 -0.00751864
-0.160822 0.0111946 -0.00745458
