 -1.1962e-13
-5.54237e-14
-3.65936e-14
-2.65201e-14
 5.70945e-14
 7.22284e-14
     3.38476
     4.13281
     4.58726
     5.12066
     5.61392
      5.7535
     6.34483
     6.47621
     6.91201
     7.53552
     7.99958
     8.41335
     8.45761
     8.61098
     8.71744
     9.01115
     9.31657
     9.47652
     10.0755
     10.1505
     10.2359
     10.5866
     10.7745
     10.9995
     11.3105
     11.7083
     11.9091
      12.085
     12.2861
     12.4506
     12.6324
     13.1738
     13.2909
     13.3763
      13.558
     13.9677
      14.123
     14.4177
     14.4637
        14.6
     14.8203
     14.9799
     15.0841
      15.198
     15.3336
      15.454
     15.5121
      15.555
     15.7347
     15.8231
     16.0966
     16.1568
     16.5607
      16.676
     16.7524
     16.8271
     16.9915
     17.0855
     17.2756
     17.3826
     17.4416
     17.4621
      17.535
     17.6877
     17.7986
     18.1391
      18.189
     18.2624
     18.5552
     18.6212
      18.732
     18.8264
     18.9105
     19.0678
       19.24
     19.3525
     19.5287
     19.6479
     19.7027
     19.7465
      19.852
     19.9253
     20.0434
     20.2025
     20.3791
      20.513
     20.5473
     20.6789
     20.8474
      20.882
     21.0815
     21.1537
     21.2596
     21.3392
     21.3903
     21.5225
     21.6371
     21.6656
     21.7638
     21.7892
     21.9438
     21.9786
      22.051
     22.2006
     22.2727
     22.3547
     22.4668
     22.5509
     22.5739
     22.7825
     22.9049
     22.9177
     22.9872
     23.1421
     23.2335
     23.2818
     23.4087
      23.493
     23.5554
     23.6926
     23.7641
     23.8248
      23.955
     24.0106
     24.0322
     24.2503
     24.3834
     24.4491
     24.5446
     24.5739
     24.6675
     24.7087
     24.8866
     24.9024
     25.0345
     25.1532
     25.2853
     25.3268
     25.3827
     25.4154
      25.544
     25.6165
     25.6595
     25.7559
     25.9027
     25.9348
     25.9586
     26.0651
     26.1232
     26.1898
     26.2922
      26.343
     26.4334
     26.5398
     26.6527
     26.6716
     26.7155
     26.7927
        26.9
     27.0106
     27.1372
     27.1789
     27.2935
     27.4027
     27.4414
       27.57
     27.6115
     27.6454
     27.6906
     27.7213
     27.8298
     27.9209
     28.0172
     28.0911
     28.2286
     28.3048
     28.3311
     28.4324
     28.5127
     28.5477
     28.6362
     28.6986
     28.8455
     28.9035
     28.9717
     29.0367
     29.0652
     29.1657
     29.1799
     29.2592
     29.3523
     29.3893
     29.5542
     29.5905
     29.6783
     29.7156
     29.8074
     29.8335
     29.9307
     30.0955
     30.1564
      30.175
     30.2144
      30.275
     30.3449
      30.404
     30.4339
     30.4776
     30.5424
     30.6342
     30.6606
     30.7136
     30.7791
     30.8499
     30.9738
     31.0642
     31.2439
     31.3323
     31.3918
     31.4194
     31.4905
     31.5737
     31.7366
     31.7632
     31.8375
     31.8987
     31.9442
     32.0354
     32.0872
     32.1332
     32.1449
       32.25
     32.3138
     32.3491
     32.4633
     32.4875
      32.523
     32.5827
     32.6089
     32.6967
     32.8123
     32.8492
      32.891
     32.9743
     33.0711
     33.1202
     33.2862
     33.3577
     33.5005
     33.5172
     33.6785
     33.7255
     33.8811
     33.8991
     33.9325
     34.0336
     34.1248
     34.2647
     34.3303
     34.3994
     34.4555
     34.5397
     34.6065
      34.772
     34.7973
     34.9071
     34.9489
     35.0033
     35.0517
     35.0983
      35.209
     35.2192
     35.3434
     35.4173
     35.4664
     35.5665
     35.5738
     35.6905
     35.7504
     35.8327
     35.9416
     35.9888
     36.0328
      36.138
     36.1721
     36.2732
     36.4294
     36.5431
     36.5988
     36.6638
     36.7727
     36.8938
     36.9212
     36.9464
     37.1429
     37.1825
     37.2307
     37.3158
     37.5026
     37.5692
      37.583
       37.77
     37.8899
     38.0138
     38.0996
     38.2235
     38.2958
     38.3832
     38.4572
     38.6662
      38.738
     38.8652
     38.9391
     39.0399
     39.0804
     39.1447
     39.3216
     39.6143
     39.7045
     39.7686
     39.9499
     40.0594
     40.2114
     40.3253
     40.4385
      40.611
      40.697
     40.7659
     40.9147
     40.9812
     41.1517
     41.2917
     41.3815
     41.4809
     41.6148
     41.7956
     41.8283
      41.907
     42.1225
     42.2584
     42.4896
     42.5486
     42.6167
     42.7436
     42.9583
     43.2233
     43.3053
     43.3451
     43.4475
     43.6961
       43.74
     43.8616
     43.9678
     44.0898
       44.14
     44.3903
     44.3977
     44.5325
     44.6493
      44.733
      44.901
     45.0499
     45.3568
     45.4386
      45.471
     45.6756
      45.804
     45.8773
     45.9378
     46.0368
     46.2325
     46.2593
      46.436
     46.6925
     46.9096
     47.0268
     47.2856
     47.4847
     47.5872
     47.7657
      47.809
     47.8886
       48.05
     48.3636
     48.4447
     48.8258
     48.9588
     49.1236
     49.2344
     49.4391
     49.7475
     49.8558
      49.946
     50.0659
     50.1145
     50.2076
     50.2916
     50.5888
     50.6779
     50.7716
     50.8548
     50.9173
     51.0307
     51.1481
     51.3943
     51.5707
     51.6417
     51.7738
     52.0951
     52.2607
     52.4052
     52.6114
     52.6291
     52.7585
     52.9578
     53.0563
     53.1095
     53.3081
     53.4125
     53.5378
     53.6069
     53.8064
     53.9533
      54.008
     54.3419
     54.7416
     54.8051
      55.039
     55.0765
     55.3354
     55.4502
     55.6333
     56.1374
     56.2288
     56.4961
     56.7712
     57.1006
     57.2878
     57.8192
     57.9278
     58.4526
     58.5388
     58.5709
      58.955
      59.162
     59.5827
     60.1606
     60.3043
     60.6629
     61.0627
     61.2686
     61.9318
     62.1398
     62.7712
     62.9905
     63.4588
     64.5942
     65.1124
     65.4402
     66.4782
     67.1476
     68.1887
     68.4482
     69.9854
     70.3984
     71.3671
     72.3712
     73.4051
     73.7628
     76.5514
     77.3138
