3.38476 4.132814.58726 5.12066 34.2647
-0.0811807 0.4456260.167704 -0.0737912 -0.0172331
-0.136441 -0.701282-0.219861 -0.0382706 -0.0107644
0.053494 0.1065760.0266819 0.0170745 0.0389427
-0.0852894 0.03753820.030246 -0.0418815 0.00833936
-0.10858 -0.260322-0.073958 -0.05875 0.000623517
0.0783015 0.08663770.0143508 0.0350315 -0.045787
-0.0464424 0.01719140.0159237 -0.0204573 -0.00421801
-0.0469194 -0.03686180.00119192 -0.0122895 -0.011266
0.0428063 0.0179543-0.00655578 0.0113777 -0.0295797
-0.0331886 0.00796624-0.00127607 -0.0136158 0.0030471
-0.0343227 -0.008599880.00644325 -0.00937327 -0.0019982
0.0221273 -0.00795167-0.00677843 0.00375967 -0.0321651
-0.0211323 -0.00107261-0.000336623 -0.0078023 -0.0170381
-0.0171131 0.003281240.0134005 -0.000955393 -0.00580266
0.0125359 -0.00126198-0.0082517 -0.00081062 -0.0325261
-0.00790118 -0.00573921-0.00278846 -0.00148931 0.0235748
-0.00749208 0.01266850.000862242 -0.000862122 0.023527
0.0138559 -0.00697883-0.00504217 0.00133913 -0.0424915
0.000404817 -0.00742571-0.0043678 0.00181596 0.0125648
-0.000641863 0.0122270.00269211 0.00069198 -0.0253451
0.00370529 -0.005466-0.00325958 -0.00121555 0.00768486
0.0118316 -0.0101894-0.00138684 0.00532791 0.0193702
0.00647509 0.0145605-0.00880562 1.74293e-05 -0.0144413
0.00755147 -0.00572416-0.00374268 -0.000309392 0.0133056
0.017219 -0.0089639-0.00197076 0.00604914 0.0323233
0.0106364 0.0118954-0.0145716 -0.00104802 0.00594375
0.00402605 -0.00494597-0.00084217 0.000432938 0.0127448
0.0213653 -0.00866381-0.00194317 0.00531389 0.0499512
0.0129527 0.0108881-0.0199793 -0.00161558 0.0374404
0.00606951 -0.005460290.000744364 0.000231921 0.0187458
0.0266822 -0.0101938-0.00727436 0.00502087 0.0513582
0.0116635 0.0111835-0.0178433 -0.00141825 0.0338879
0.00224722 -0.008407180.00395647 0.000406815 -3.1479e-05
0.0215511 -0.01470520.000355026 0.00686021 0.0299103
0.00764342 0.0160778-0.0153054 -0.000901346 -0.00706895
0.0114622 -0.00879181-0.00300498 7.73006e-05 0.00198912
0.0256407 -0.01506820.00226729 0.00835821 0.0383847
0.0105304 0.0111034-0.0142076 -0.000676806 0.0356143
0.0102598 -0.00761259-0.0105668 -0.00119375 0.00164022
0.035779 -0.01940030.0014916 0.0115825 -0.0393081
0.00610879 0.0121064-0.0166449 -0.00287967 0.0504758
0.0141707 -0.00969597-0.0133442 -0.000825758 -0.0717678
0.0416394 -0.03157280.00745288 0.0166854 -0.0355293
-0.00172591 0.018293-0.0180086 -0.00424738 -0.0108767
0.0219315 -0.00812174-0.0136074 0.000685263 -0.0443552
0.0478846 -0.0344825-0.00142712 0.0221234 -0.0167099
-0.00834531 0.0191288-0.00734632 -0.00991887 0.00113516
0.0247685 -0.0151661-5.05405e-05 -0.00207591 0.0187899
0.0390677 -0.0257612-0.00663433 0.0123533 -0.00469278
-0.00904453 0.0210094-0.00945933 -0.00700176 0.0100362
0.0140663 -0.01572940.00746661 0.00689153 -0.0147029
0.0224364 -0.02707680.00729384 0.00883836 -0.063977
0.000896871 0.0275222-0.0201611 -0.00301098 -0.0149142
0.0236694 -0.00942755-0.00176925 0.00567776 -0.0335044
0.0262013 -0.04159630.0131316 0.0110685 -0.0452004
-0.00737678 0.0359555-0.0224095 -0.00620574 -0.0582672
0.0417884 -0.00499267-0.00584046 0.0128653 -0.01567
0.0231844 -0.04400460.0133677 0.0100892 -0.0293152
-0.0111855 0.0499698-0.0249499 -0.00695301 -0.0043905
0.0291301 -0.01750810.00408696 0.0116988 0.0256967
0.00438822 -0.03547230.0140032 0.00271809 0.0456146
0.00615338 0.0537953-0.0371585 7.90271e-05 0.0466153
0.0456335 -0.0159615-0.00371279 0.0154953 0.0444558
0.002475 -0.03655660.0181128 0.00239511 0.0493166
-0.00315295 0.0455803-0.0335581 -0.00421678 0.0120093
0.056867 -0.00843227-0.0069292 0.0179014 0.00382005
0.00117735 -0.06924860.0362198 0.00430508 -0.00805686
-0.00606111 0.0497702-0.0369472 -0.00634641 0.0319736
0.079783 0.0225563-0.0149694 0.0273753 0.0642774
-0.00636237 -0.06313270.0436463 0.00243968 0.010502
-0.0197517 0.0283497-0.0335523 -0.0114438 -0.0108436
0.0767563 0.0323839-0.0112189 0.0265688 -0.0651804
3.26598e-05 -0.03452370.0264954 0.00358366 0.0110921
-0.011831 0.0135465-0.0169954 -0.00494189 -0.0100891
0.0489134 0.0176419-0.014818 0.0117168 0.00928909
0.00436047 -0.03031880.0357865 0.00721296 0.00185
-0.00986681 0.00153977-0.00173282 -0.000406886 0.00314933
0.0400004 0.0337741-0.0197727 0.00419307 0.00910607
0.0124381 -0.02061170.0344658 0.0106868 0.012652
-0.00105237 0.0008279480.00874074 0.00391662 -0.02058
0.0236149 0.0243109-0.0267223 -0.00461146 -0.0221618
0.00177402 -0.007512880.0270621 0.00413534 0.0162837
-0.00319869 -0.009431230.0249141 0.00784232 0.00909298
0.0125726 0.0252596-0.0245677 -0.00825182 0.0421205
0.00673036 -0.005162250.0214575 0.00530503 0.0610157
0.00672447 -0.003186390.0314541 0.011342 -0.0191462
0.00115096 0.013711-0.030602 -0.012549 -0.0195727
0.0140196 -0.01305040.00957004 0.00728232 -0.0598344
0.0131867 0.008553810.0204765 0.00759178 -0.0426211
-0.00522721 -0.00312824-0.0272534 -0.0107579 0.0286883
0.0052537 -0.0104651-0.00328152 0.00279282 -0.0398994
0.011726 0.008494940.0233042 0.00779425 -0.0295647
-0.0134752 -0.00454421-0.0162114 -0.00870491 -0.0217621
0.00412564 -0.0103697-0.00950359 0.00230436 -0.000790348
0.0135701 0.009919050.0181715 0.0055781 -0.0132807
-0.0190022 -0.00593506-0.000833743 -0.00382474 0.016597
9.28038e-05 -0.00983323-0.014413 0.00219183 -0.0553384
0.00926158 0.0102290.0186875 0.00573448 -0.00795415
-0.0194268 -0.005650050.0145527 0.00155222 -0.00685774
-0.00245315 -0.0104695-0.0206241 0.00201756 -0.0388258
0.0114268 0.01155640.0272113 0.00626778 -0.0127509
-0.0352287 -0.005686760.0288977 0.0037557 0.00947608
0.000547274 -0.0118503-0.0105391 0.00754236 0.0216521
0.0115537 0.01150620.0179227 0.00281002 -0.0138489
-0.0378483 -0.005143570.0456673 0.0116947 -0.0276269
0.00996549 -0.0107148-0.00625529 0.00844416 -0.0322853
0.0091265 0.01015580.000178253 -3.38641e-05 0.0943443
-0.0112347 -0.002301410.0285582 0.0117641 0.00363631
0.0151835 -0.008742480.00305807 0.00808489 -0.0271878
0.00964998 0.00812286-0.0188383 -0.00524709 0.0372511
-0.00381359 -0.001436990.0247555 0.0118028 0.0218524
0.0194948 -0.00674980.00602851 0.00575728 -0.0803593
0.00991316 0.00693911-0.0266858 -0.00582767 -0.0233092
0.004947 -0.0004566240.0126624 0.00843114 -0.125521
0.0211291 -0.006162170.0122788 0.00476126 -0.0207326
0.00288951 0.00332752-0.0252209 -0.00749431 -0.0791856
0.0150725 0.003900970.0118684 0.00854686 -0.0206613
0.0217499 -0.005204390.012096 0.00239531 -0.0506575
0.000328195 -0.000704452-0.0202813 -0.00524904 0.120052
0.0177532 0.005813510.00593274 0.00249002 -0.0063391
0.0287894 -0.007815270.0250549 0.00572577 -0.0477925
0.00442469 -0.00543675-0.00207038 0.0019134 0.203577
0.0216824 0.01472110.00132469 -0.00418639 -0.0701998
0.0361657 -0.01071930.0360126 0.00211167 -0.159222
0.0239506 -0.01574580.0278514 -0.00134369 0.127334
0.0146107 0.0187929-0.00271074 -0.00753753 0.0402769
0.0439796 -0.005725540.0129352 0.0115318 0.000827448
0.036414 -0.00109323-0.00149645 0.00783816 -0.00911214
0.0133727 0.01863760.00219803 -0.00578346 -0.100351
0.0661805 -0.006417160.0208147 0.0233846 -0.037058
0.0581302 -0.0007745010.00621618 0.0188404 0.0175688
0.0150697 0.0302872-0.000239846 -0.00878855 -0.0635431
0.0738445 -0.01839910.0736764 0.00715101 0.00542783
0.0529674 -0.02172330.049263 0.00359834 -0.0565572
0.0179562 0.032249-0.00225276 -0.00762317 0.065737
0.0458947 -0.0102120.0469583 -0.00246981 0.0290136
0.0687865 -0.03087570.0762676 0.00221961 0.0254042
0.00783003 0.02366430.00424413 -0.0249193 -0.0195048
0.0194345 -0.004446880.0356106 -0.0135688 0.00534565
0.0396086 -0.02557610.0592607 -0.00551291 0.00589747
-0.00562285 0.02113260.000853637 -0.0277227 -0.077592
0.00936691 -0.003794910.0171774 -0.00864838 -0.0133141
0.0420161 -0.01095180.0336696 -0.00451498 0.0755945
-0.0181369 0.01139750.00586476 -0.0208657 -0.0593176
-0.0161424 0.000449120.00804159 -0.0141492 0.0446375
0.0470174 -0.009581820.0369143 -0.00590846 0.00652855
-0.0483449 0.0156291-0.000140233 -0.0293206 -0.0490868
-0.0144273 -0.004244920.00175398 -0.00913192 0.00274714
0.0372245 0.0002681090.0163519 -0.00398615 -8.43143e-05
-0.0508003 0.005804810.0110334 -0.0183722 -0.040777
-0.00799259 -0.002935840.00493171 -0.0112161 -0.0274799
0.0114283 -0.004947960.0118533 -0.0064201 -0.0464884
-0.0314013 0.001984970.0109444 -0.0172443 0.0795882
-0.0183669 0.002062860.0201366 -0.0221 -0.0600803
0.00516226 -0.01848770.0372984 -0.00726249 -0.0403751
-0.0307521 0.01399750.00397905 -0.0278924 0.0468022
-0.00589579 -0.00165120.0327623 -0.0164072 -0.0162587
-0.00793034 -0.01625260.0238762 -0.0102861 -0.0367644
-0.00673883 0.01100250.0079916 -0.0181138 0.0891996
0.0135431 -0.007161540.0294752 -0.0048313 0.081674
0.0015988 -0.01057410.00713721 -0.00593014 -0.0558974
0.0108771 0.009757570.00123069 -0.00620092 0.0688061
0.0205663 -0.005960620.00749936 7.72053e-05 -0.0643309
0.0140982 0.00211613-0.0108149 -0.00401052 -0.0712233
0.00400671 0.004338250.00488359 -0.00421431 0.00453616
0.0212095 -0.006399330.00176455 0.00422982 0.00254686
0.0111507 0.00754118-0.0217022 -0.00312396 0.00699953
0.00787975 0.001448730.00486143 0.000911719 0.0408481
0.0213207 -0.00620033-0.00134187 0.00784036 0.0216003
0.010236 0.0093449-0.0190286 -0.00159456 0.00964332
0.00925138 0.004144240.00610896 0.00375863 0.0548187
0.0201856 -0.00675124-0.00115834 0.0101324 0.0248846
0.00763128 0.00946696-0.0128368 -0.0013033 -0.0710362
0.00653255 0.003765180.00996808 0.0077947 0.049254
0.0240269 -0.00871523-0.00179077 0.0151011 0.0764369
0.00567339 0.00944628-0.00731737 -0.000822261 -0.15417
0.00331248 0.00582070.0159121 0.0131594 -0.0410179
0.0135322 -0.0121778-0.00242688 0.0187469 0.009967
0.00463912 0.0106280.00411005 -0.0011082 0.00969477
-0.0159705 0.001443590.0272026 0.0180937 -0.0117408
0.0156762 -0.0135184-0.00668752 0.016334 0.0130604
0.00716743 0.0112381-0.00482662 -0.00831174 0.0256802
-0.0241391 0.0003928580.0436568 0.0240323 0.00626928
-0.00488011 -0.0208647-0.00233452 0.0184361 0.040817
0.0190564 0.01784990.00439501 -0.00783979 0.0370872
-0.0739554 -0.01530560.0981191 0.0336118 -0.000963623
-0.00549186 -0.0197543-0.0138411 0.0139458 0.0270026
0.0262587 0.01960580.00495754 -0.00930417 0.043059
-0.0559373 -0.01110070.102465 0.030881 -0.00526526
0.00707287 -0.0114314-0.00804048 0.00608061 0.0178823
0.0208646 0.0126037-0.0159557 -0.00717673 0.0251723
-0.0295635 -0.006365890.0500087 0.0159764 0.0125473
0.00728355 -0.00938881-0.00483074 0.00524457 0.0283646
0.0178072 0.0108524-0.00587147 -0.00206902 0.0178022
-0.0203245 -0.004772670.0214789 0.00607393 -0.029245
0.0127113 -0.00883937-0.00179237 0.00554937 -0.0405185
0.014595 0.0101215-0.0109879 -0.00162489 0.0420091
-0.00912885 -0.004962070.00958856 0.00358338 -0.086421
0.0141998 -0.00947563-0.00234359 0.0057902 0.156981
0.0174539 0.00981641-0.00684795 0.000331395 -0.00921017
-0.00838158 -0.0058778-0.00408253 -0.00190078 0.133275
0.0147413 -0.0105036-0.00059247 0.00582561 0.117785
0.0126754 0.0102393-0.00362954 0.00133748 0.000641998
-0.000826299 -0.00577507-0.00822995 -0.00236539 0.0471493
0.0149048 -0.01273640.00635415 0.00694641 -0.00201488
0.00875777 0.009913980.00156482 0.00270511 0.0764694
0.00374244 -0.00267835-0.0162487 -0.00467523 -0.0122649
0.00183584 -0.008744390.00712219 0.0021578 -0.0212569
0.000495997 0.007700150.0118987 0.00371662 0.0662895
0.00567958 0.00152583-0.0137852 -0.00412987 -0.0208667
0.000723962 -0.01275990.0146633 0.00306067 0.00471181
-0.00430718 0.008482290.00355353 0.00116128 -0.00252717
0.0194691 0.00918123-0.0133719 -0.000332544 0.0126671
-0.0134493 -0.01095860.0202575 -0.00242249 -0.00466035
-0.0157793 -0.003879250.00670494 -0.000302237 0.0101779
0.0276869 0.0172019-0.0138623 0.00208753 0.00952078
-0.0188309 -0.01366850.0178145 -0.00478391 0.00326516
-0.0202066 0.0070374-0.00808843 -0.00550738 -0.00590486
0.0445349 0.00951078-0.00885415 0.0117176 -0.00196169
-0.0386733 -0.01407890.0196945 -0.0148586 0.000602138
-0.035926 0.00721599-0.018006 -0.0156463 -0.039001
0.0610608 0.00557357-0.00578506 0.021899 -0.00214315
-0.0520445 0.04061890.0140577 -0.026735 -0.00946691
-0.0447483 0.0143311-0.0204372 -0.0217971 0.0237609
0.0564531 -0.0326938-0.00719879 0.022329 -0.0332411
-0.0528023 0.02983460.0233253 -0.0265511 -0.0221251
-0.0455148 0.0531854-0.0424584 -0.0294978 -0.0120374
0.083861 -0.0510338-0.0060749 0.0387561 -0.0286412
-0.0316116 0.007114580.0129846 -0.0140258 -0.0147031
-0.0187752 0.0447097-0.0341119 -0.0106592 -0.0325007
0.072651 -0.0419015-0.00615978 0.0301927 0.0100202
-0.0278371 0.0323029-0.00107182 -0.0121729 0.0673277
-0.0224518 0.0358617-0.0320242 -0.012087 0.0203422
0.0495785 -0.0497679-0.00274176 0.0174154 0.0222088
-0.0231576 0.0432511-0.00335283 -0.0105621 -0.00696753
-0.0127299 0.0597931-0.0482077 -0.00806945 -0.0212539
0.0610489 -0.07560480.00195159 0.023709 0.0688488
-0.0121328 0.009122760.00528568 -0.00530012 -0.0459799
-0.00499936 0.0649354-0.0443168 -0.00497107 0.0393425
0.0597343 -0.06277080.00375703 0.0220392 -0.068293
-0.00369493 0.000797512-0.000764541 -0.000749176 -0.0269281
0.00297192 0.0396274-0.0309447 -0.000603198 -0.0168008
0.0366679 -0.03211520.00357795 0.00936488 -0.0345882
0.00350455 0.0130437-0.0111295 0.00383332 0.000532816
0.00567643 0.0410364-0.0354887 0.00102069 -0.0121321
0.0279118 -0.03519750.0115896 0.00224087 -0.000730462
0.00407579 0.00612718-0.00529322 0.00316699 0.00979846
0.0223035 0.0516857-0.041545 0.00852992 0.0204702
0.0292852 -0.03336530.0206627 -6.43242e-05 0.0260134
0.00975151 -0.0100060.00107403 0.00344938 0.026704
0.0243146 0.0397184-0.0317328 0.00688799 -0.0433567
0.0178288 -0.0224010.016705 -0.00149184 -0.0171701
0.0143255 -0.00438488-0.00459068 0.00579804 -0.0611232
0.0240196 0.0297514-0.0265465 0.0063038 0.0296128
0.0100862 -0.009182820.0127902 -0.00332618 -0.0459417
0.0209693 0.000527646-0.00747156 0.00938904 -0.0411788
0.0395996 0.0337357-0.034994 0.015446 0.100893
0.00661546 -0.008590280.0226521 -0.0105292 0.0136257
0.0254995 0.00738336-0.0201884 0.0177278 -0.0306686
0.0289136 0.0377374-0.0368464 0.0121016 0.0174486
0.00837371 -0.003387650.0196364 -0.0102055 0.0805285
0.038749 0.0168915-0.0429998 0.0378731 0.00433402
0.0602092 0.0573404-0.0790977 0.0464871 -0.0322509
0.000756737 -0.008624790.0472213 -0.0350953 -0.0476926
0.0441985 0.00654202-0.0179638 0.0296463 -0.0431293
0.0818847 0.0326751-0.0488624 0.0492936 0.0116131
-0.00475323 0.002021230.0364498 -0.0352344 0.0488293
0.0527076 0.00668764-0.0224093 0.0351423 0.0233868
0.0571929 0.0305837-0.0379431 0.0315271 0.00591339
0.00349079 0.01463960.0147168 -0.0173684 0.0199052
0.0310236 0.000826165-0.00792466 0.0133624 -0.000161737
0.036862 0.0214755-0.0241423 0.0140941 0.00580569
0.0086814 0.008048150.0129265 -0.00910925 0.0672945
0.0233787 0.000344813-0.0142666 0.0132315 -0.00430155
0.0192415 0.0239116-0.0225467 0.00671552 0.0107775
0.00930205 0.004857850.00875493 -0.00367615 0.0111429
0.0175975 0.00584649-0.024221 0.0147262 0.0633034
0.0130998 0.0244808-0.0232077 0.00699939 -0.0610515
0.00556759 0.004214840.00825018 -0.003729 0.01287
-0.00097803 0.00451417-0.0266181 0.00634093 0.0580977
-0.00507895 0.0164994-0.0240307 -0.000429857 -0.0137728
0.0100306 -0.01250810.00805345 -0.00125551 -0.0101744
-0.00512099 0.0026573-0.0287021 0.00542809 0.0147748
-0.00974099 0.00493488-0.00628857 0.000777643 -0.00168413
-0.00344532 -0.0172270.0102443 -0.000263802 -0.092142
-0.0174122 0.000296707-0.0301267 -0.00136401 0.0648111
-0.0184164 -0.001708830.00972745 -0.00101203 0.0979413
-0.0113225 -0.01754880.00759775 -0.00287578 -0.0387042
-0.0162079 -0.00330676-0.0310129 -0.00480204 0.0365801
-0.0100471 0.001611340.0264063 0.00480541 0.107664
-0.0174034 -0.01355540.0110559 -0.000579392 -0.0762732
-0.025993 -0.00677217-0.0315438 -0.0111968 0.0401563
-0.0106893 -0.0007826070.0478836 0.00907708 0.0451808
-0.0261333 -0.009718850.00683099 -0.00524005 -0.0706339
-0.0152995 -0.00555065-0.0222238 -0.00774657 0.0693294
0.00134496 0.0085170.0439988 0.0107767 0.0102836
-0.0231456 -0.002382650.00190316 -0.00581473 -0.0683046
-0.0129399 -0.00772845-0.016265 -0.00563739 0.0623975
0.00803819 0.007009330.0580452 0.0163719 -0.00419127
-0.0304807 -0.0024291-0.011423 -0.0116053 -0.0664943
-0.00507677 -0.00986791-0.00483995 -0.00226449 0.0130924
0.011191 0.00600490.0566144 0.0165265 -0.00756708
-0.0229536 -0.00354734-0.0326241 -0.0168115 -0.0371596
0.00590038 -0.009877120.00341187 0.00329914 0.007477
0.0276498 0.005528030.0617929 0.0214992 -0.0157326
-0.0303953 -0.00336497-0.0483137 -0.025409 0.0184161
-0.0089996 -0.01204570.0094463 -0.00256028 0.00940172
0.0262895 0.002077160.151985 0.0504189 -0.0105548
-0.0430123 -0.00414443-0.0653423 -0.0385353 -0.0084216
-0.0232672 0.00116279-0.01299 -0.0143212 -0.00587075
0.0197703 0.00965380.153548 0.0477628 -0.000125957
-0.0561989 0.0117907-0.0385234 -0.0376249 0.00910593
-0.0334939 0.0107449-0.0078983 -0.0193025 -0.0667557
0.00272841 0.00693890.158415 0.0439434 0.012874
-0.0446254 0.0162858-0.0386444 -0.0345777 0.0365883
-0.0381248 0.00442629-0.0349421 -0.0250848 -0.047268
-0.0026927 0.002508310.116324 0.0334391 -0.0201046
-0.0370719 0.00669617-0.0216104 -0.0214825 0.056763
-0.0337638 0.00309806-0.0177676 -0.017559 -0.0184434
-0.0136938 0.0002463340.0677851 0.0134734 0.03525
-0.0173616 0.00238592-0.0141862 -0.0111103 0.0663222
-0.036472 0.00313914-0.0303496 -0.0196747 -0.00335496
-0.0201802 -0.005513990.0496684 0.00767697 -0.0124363
-0.0139674 -0.00687571-0.00439015 -0.00696326 0.137687
-0.0209621 -0.000201963-0.0176476 -0.00817564 -0.0832293
-0.0160118 0.002551160.0187598 -0.00013911 -0.0815557
-0.00215534 -0.0096888-0.000612326 -0.00165222 0.00528681
-0.0152537 0.00109869-0.0192561 -0.00440231 -0.050394
-0.0145474 0.00849259-0.000493323 -0.00326257 0.0429954
0.00668393 -0.01476320.00196595 0.000845012 0.0359519
-0.00204848 -0.00408028-0.0140203 0.00272141 -0.0328467
-0.00418508 0.0144313-0.00689888 -0.00105665 -0.0728295
0.00505162 -0.01206620.00357275 0.000676999 0.0788711
0.00923542 -0.00133265-0.0146043 0.00718861 -0.137741
0.00388194 0.0198811-0.013607 0.000996258 -0.227039
0.00724932 -0.001219960.00597067 0.000429902 0.155329
0.0170674 -0.00460412-0.00972421 0.0113485 0.018625
0.00898837 0.016067-0.0142918 0.00184018 -0.0428759
0.00417798 0.005093740.00484249 0.00119083 -0.0588889
0.0293313 -0.00347533-0.00940322 0.0144019 0.04148
0.0181999 0.012199-0.0139206 0.00571415 -0.0237128
0.0106978 0.0129530.00195741 0.00135713 -0.0967751
0.0370692 -0.00210313-0.0125073 0.0235584 -0.00643706
0.0209717 0.0166033-0.0161169 0.00860995 -0.0176422
0.0111221 0.0268736-0.0113102 0.00366275 0.0193014
0.060942 -0.000904737-0.00110233 0.0279288 -0.0328069
0.0302917 0.00973418-0.00983721 0.0103069 0.0702312
0.022189 0.0327821-0.0102762 0.00494853 -0.0232223
0.0578346 -0.006861480.0206492 0.0168362 0.0160254
0.0227725 0.000423336-0.00211774 0.0035562 -0.101939
0.0250346 0.0280752-0.00499349 0.00329059 -0.0124943
0.0568561 -0.00950720.0424018 0.00796723 0.00121023
0.00618598 -0.008489610.00460929 -0.00320274 0.0651456
0.033427 0.0295731-0.00537947 0.00586441 0.0919594
0.0377912 -0.00593530.0325266 0.00327775 -0.000445182
-0.0135739 -0.00756901-0.00566616 -0.0076801 -0.0175267
0.0411307 0.02156910.00237279 0.00794062 -0.00230607
0.012294 -0.006470170.0513549 -0.00564547 0.0182452
-0.0241177 -0.01429210.00613855 -0.00910611 -0.00759341
0.0307219 0.01718110.00302112 0.000439349 -0.00223097
-0.00943374 2.88604e-050.0378197 -0.00921503 -0.000438026
-0.0339026 -0.0113419-0.00749985 -0.0116778 -0.0089224
0.0263662 0.01019330.0021461 0.000247619 -0.0825466
-0.0095857 4.03259e-050.0209789 -0.00951354 0.00397361
-0.0202658 -0.00749746-0.00871618 -0.00968959 0.039809
0.00765312 0.004733630.00317066 -0.0043103 -0.0849245
-0.0256971 0.006827120.00955966 -0.0148191 0.0995259
-0.0277724 -0.0119313-0.00225534 -0.00906343 -0.0220958
-0.0109339 0.004677510.00306363 -0.00899372 -0.133019
-0.0405962 0.0180256-0.0245637 -0.0175796 -0.0115745
-0.0391435 -0.011032-0.0244248 -0.00785941 -0.00835148
-0.0139955 -0.00116993-0.00255936 -0.00304772 -0.0329741
-0.0177588 0.0115998-0.0348879 -0.00826891 0.0184555
-0.0252475 -0.00957334-0.00780972 -0.00642427 0.00922105
-0.030545 -0.00357888-0.000948485 -0.00621505 0.00802811
0.00955048 -2.05785e-05-0.0104533 -0.00248435 -0.0100422
-0.00180493 -0.00250857-0.0156927 -0.00566721 -0.0618435
-0.00845843 -0.004372320.00322851 -0.00394426 -0.00924198
0.00591918 0.00349437-0.0132815 -0.00405288 0.0048732
-0.0036872 -0.00351019-0.031373 -0.00613256 -0.0223783
0.00173944 -0.00702427-3.29766e-05 -0.000460267 0.0615233
0.0141393 0.00855618-0.0375844 -0.00119697 -0.000453146
-0.00359701 -0.0064581-0.0293942 -0.00444102 -0.0245806
-0.000393682 -0.0126605-0.00206108 0.00102255 0.015469
0.0303396 -0.00194925-0.0258072 0.0051333 0.00846056
0.00166963 0.00093412-0.0180708 -0.00338571 -0.0129422
-0.000231649 -0.0100736-0.0011749 0.000265225 0.0202962
0.0268052 -0.00240451-0.0172858 0.00353255 -0.0624663
0.0106868 0.00412575-0.02717 -0.00274554 0.00734817
0.00486276 -0.00862136-0.000417843 0.00106371 -0.0268901
0.0272973 0.00203808-0.0260097 0.0026858 -0.0771802
0.0147823 -0.000452881-0.0365969 -0.00230824 0.0343225
0.00730081 -0.0128937-0.00436064 0.00174043 -0.0308487
0.0452371 -0.0020037-0.0311602 0.0223301 -0.0190047
0.00992262 -0.00151445-0.027353 -0.00525438 -0.00638049
0.00753692 -0.0134994-0.0118057 -0.00546246 0.0365075
0.0397002 -0.0135124-0.00117957 0.0111798 -0.0135541
0.0129661 0.00531039-0.0201048 -0.0016245 0.00813477
0.00925601 -0.0101048-0.0158061 -0.00286418 0.033726
0.0367719 -0.0111290.00164114 0.0112354 0.0209312
0.0218173 0.00341029-0.0225395 0.00018427 -0.0767716
0.00425245 -0.00878921-0.0219704 -0.00490298 -0.0212639
0.0520493 -0.01214470.000476366 0.0162331 0.0229975
0.0306332 0.000447354-0.0304588 0.000847754 -0.0358918
0.00438674 -0.0106968-0.0368775 -0.00977997 0.0212548
0.0555899 -0.02276830.0147686 0.0223759 0.0102563
0.0227192 0.00393466-0.0239106 -0.000337528 0.0172216
0.0111857 -0.00793968-0.0473195 -0.0121356 -0.0210892
0.041907 -0.01971390.0145195 0.0178629 -0.00384447
0.0210001 0.00464836-0.00579049 0.00456045 0.000293296
0.00825293 -0.00632348-0.0430278 -0.0116729 0.020313
0.0426518 -0.01593110.0131385 0.0180067 -0.000694294
0.0331721 0.00303109-0.00699923 0.00752822 0.032321
0.000425631 -0.0062625-0.0549907 -0.0172725 -0.0184993
0.0317648 -0.009771570.000619203 0.0105122 0.0108859
0.0324444 0.00445552-0.0109027 0.00566995 0.00723819
-0.00376922 -0.00753574-0.0335123 -0.0103778 -0.122493
0.0308237 -0.008050320.00215511 0.0103692 -0.0484102
0.0463238 0.00541641-0.0187959 0.00657067 -0.00239414
-0.0128645 -0.00898816-0.0385779 -0.0132843 -0.00665714
0.0405492 -0.00555001-0.00037145 0.0110383 -0.0405821
0.058345 0.00478778-0.0563726 -0.0021514 -0.0124124
-0.0117108 -0.0112077-0.0456899 -0.0143913 -0.0405768
0.026309 -0.00304091-0.000739827 0.00513114 0.038841
0.0594693 0.0057366-0.0632134 -0.00594887 0.016441
-0.0115419 -0.0145972-0.0231941 -0.00278996 0.0208241
0.0181694 -0.0044971-0.000989978 0.00420628 0.043226
0.0382953 0.00767376-0.0418726 -0.00537827 -0.0149703
-0.00820522 -0.00858065-0.010646 -0.00166679 0.0425879
0.0287285 -0.00347923-0.00233109 0.00551441 -0.00426479
0.0386257 0.00312037-0.0515616 -0.00506336 0.00648729
-0.00132446 -0.0110938-0.0219443 -0.00276189 0.037529
0.0206357 0.00195182-0.00346848 -0.00100895 0.022765
0.0473762 0.00280101-0.0835788 -0.0117273 -0.0222594
-0.000482313 -0.0147272-0.0115359 0.00345825 0.0218985
0.0073522 0.0004701940.00610215 -0.00309334 0.0147937
0.0368886 0.00436492-0.071722 -0.0128423 0.0294949
0.00136163 -0.01050050.00134854 0.0082861 0.0295793
0.014143 0.000750017-0.00100908 -0.00420878 0.0123979
0.0220157 0.00266147-0.0556584 -0.0111694 -0.0315745
0.0060661 -0.00986674-0.00159627 0.00670187 0.0118112
0.00921815 0.0072693-0.00927919 -0.0138437 0.023052
0.0190098 -0.00142116-0.0809466 -0.0184879 0.0044667
0.00788861 -0.0130448-0.00761225 0.00640662 0.0206987
-0.0115944 0.008882950.00546617 -0.0196256 0.0328063
0.0172165 -0.000576066-0.0958781 -0.0254938 -0.0169745
0.0165007 -0.01184650.00661666 0.0165114 0.00514432
-0.0173306 0.006843910.0127206 -0.0188616 0.00407183
-0.00429183 -0.000510445-0.0674998 -0.0253457 0.00311628
0.0193834 -0.005690810.00667379 0.0121635 0.0331798
-0.047254 0.01170550.024219 -0.0178334 -0.0288999
-0.0697916 -0.00370636-0.0613184 -0.0239144 -0.000204191
0.0377086 -0.002275080.00687272 0.0102051 0.017817
-0.0520146 0.01303260.0198171 -0.0195201 0.0015947
-0.0622357 -0.00859948-0.0363262 -0.0171016 0.0281789
0.0216632 0.00164927-0.000789534 0.00199127 0.112788
-0.0824696 0.01110160.0528182 -0.0221527 0.0253703
-0.111057 -0.02127760.0170477 -0.0148802 -0.0182629
0.0176505 0.00928212-0.000104239 -0.00492353 0.0511705
-0.140093 0.02802790.0663116 -0.0335019 0.0330748
-0.179513 -0.03788160.0450856 -0.0111943 0.0196403
-0.0243252 0.009589710.0129474 -0.00797185 0.0225521
-0.120796 0.02676960.0373528 -0.0345453 -0.0406665
-0.158213 -0.04240080.0881035 0.0071081 -0.0324688
-0.077017 0.01232430.0280857 -0.0192902 0.0317264
-0.202815 0.0885544-0.112475 -0.229859 -0.0465635
-0.244061 -0.04975210.108049 -0.00606851 -0.0172792
-0.20799 0.0265833-0.00184263 -0.108112 0.01734
-0.205509 0.10643-0.194763 -0.37211 0.0590618
-0.165118 -0.1201880.407936 0.473492 0.0254698
-0.245305 0.03644980.0416898 -0.0622731 0.0155882
-0.292046 0.125713-0.296791 0.495714 -0.0316082
-0.0143101 -0.1332440.453907 -0.407645 -0.033495
-0.314486 0.0560255-0.0218499 0.25124 0.016154
-0.10098 0.0121536-0.014202 -0.0271972 0.0208617
-0.0252214 -0.01689980.0638669 0.0108251 -0.00917151
-0.189154 0.009925180.0609093 0.00543916 -0.0304565
