0 0.00829248 0.169797 0.0168239 0.00140633 0.0228189 0.0105637
1 0.00744367 0.0185546 0.00143671 0.00125625 0.070681 0.0611319
2 0.00182899 0.000478293 6.49545e-05 0.000136503 0.00119378 0.00122383
3 0.000818122 4.855e-05 1.94214e-05 5.61222e-05 0.00013346 0.000132649
4 0.000264888 3.26888e-06 5.40144e-05 1.21949e-05 1.14526e-05 3.58578e-05
5 9.17484e-05 5.85883e-05 7.3993e-06 9.28504e-07 4.05551e-06 3.04048e-06
6 4.22631e-06 5.67452e-05 8.05493e-06 1.02606e-06 9.13174e-06 1.91485e-06
7 7.05924e-05 8.43492e-05 2.0376e-05 5.56229e-06 3.68431e-06 1.288e-05
8 0.00012581 5.95996e-05 4.72888e-05 7.39707e-06 3.87602e-07 1.18341e-05
9 0.000195313 5.40616e-05 8.79612e-05 6.03464e-06 3.89641e-06 6.29746e-06
10 0.00025202 7.25085e-05 8.43539e-05 5.34816e-06 1.32943e-05 1.12571e-05
11 0.000193294 0.000133574 5.30623e-05 9.35053e-06 8.76779e-06 2.56773e-05
12 0.000258098 9.87915e-05 6.94652e-05 1.40104e-05 4.68323e-06 2.65502e-05
13 0.000448559 0.000149281 9.9699e-05 2.79512e-05 7.30695e-06 5.23572e-05
14 0.000655234 0.000338132 0.000123171 5.79832e-05 3.3018e-06 0.000217424
15 0.000879253 0.0004319 1.22094e-05 0.000115637 3.95303e-06 0.000399863
16 0.000533554 0.000327246 4.12542e-05 4.86504e-05 2.82115e-06 0.000255331
17 0.000314479 0.000382187 0.000100888 2.33211e-05 1.82853e-05 0.000147044
18 0.000734821 0.000737507 0.000154501 6.37689e-05 0.000110277 0.000429784
19 0.00044647 0.0011469 0.000178297 5.60471e-05 7.52396e-05 0.000704178
20 0.00063211 0.00106634 0.00034675 4.83336e-05 0.000101157 0.000502581
21 0.000960163 0.000843263 0.00032748 6.71746e-05 0.000105814 0.000470291
22 0.00189185 0.00188279 0.000632417 0.000157835 0.000523385 0.000827613
23 0.00186783 0.00141264 0.000688129 0.000164591 0.000769164 0.000582696
24 0.000748205 0.000408107 0.000263866 3.40873e-05 0.000132763 0.000106918
25 0.000507097 0.000499003 0.000365063 1.3626e-05 0.000106149 0.000185163
26 0.000210791 0.000245971 0.000431275 2.94519e-05 8.16701e-05 0.000231264
27 5.06534e-05 0.000189566 0.000426538 2.86478e-05 8.2197e-05 0.000260899
28 2.71336e-05 5.43922e-05 0.000520194 6.13715e-05 0.000212997 0.000236171
29 0.000117516 6.12817e-05 0.000273283 4.42128e-05 0.000118132 7.84798e-05
30 0.000102424 4.89575e-05 0.000178028 2.8185e-05 8.17975e-05 2.60762e-05
31 0.000166112 5.83486e-05 9.1823e-05 9.97017e-06 3.45973e-05 1.13509e-05
32 0.000136844 5.64379e-05 0.000167581 7.83059e-06 8.81086e-05 6.12827e-05
33 0.000407016 6.66617e-05 0.000436184 1.12214e-05 0.000235075 0.000207968
34 0.000462744 7.24147e-05 0.000548868 3.93599e-05 0.000562003 0.000609526
35 9.12389e-05 5.40171e-05 0.000186327 4.09515e-05 0.000195554 0.000188691
36 9.99201e-05 3.49585e-05 0.000212996 4.53466e-05 0.000167156 0.00013441
37 0.000148546 2.27253e-05 0.000198117 2.69872e-05 6.6435e-05 3.75744e-05
38 0.000201482 1.55493e-05 0.000202238 2.96609e-05 3.94768e-05 4.96604e-06
39 0.000232909 1.48516e-05 0.000129237 7.71191e-06 1.21564e-05 1.95623e-05
40 0.000389551 7.43677e-05 0.000138163 1.05399e-05 1.53142e-05 0.000111379
41 0.000618969 0.000173249 0.000453421 1.23185e-05 5.34226e-05 0.000200158
42 0.00101603 9.22707e-05 3.80165e-05 4.44995e-05 0.000122872 0.00031282
43 0.00235942 0.000232069 0.000102883 0.000191193 0.000441891 0.00083809
44 0.00253518 0.000447741 0.00171347 2.38637e-05 0.000233934 0.000842088
45 0.00203832 0.000391402 0.00175265 0.000123422 0.000132575 0.000372326
46 0.00058443 0.000271122 0.00104217 0.000191978 0.000126085 0.000330726
47 0.000644666 6.39387e-05 0.000318949 0.000103611 9.1631e-05 0.000117578
48 0.00142062 8.13689e-05 0.000311156 0.000213802 0.000141632 9.83802e-05
49 0.00123332 1.25307e-05 8.54969e-05 8.53054e-05 0.000161317 4.86287e-05
50 0.000348778 8.96279e-06 6.20422e-05 9.06887e-05 0.00010969 6.36175e-05
51 0.000386936 0.000131141 0.000395113 0.000257611 0.000115945 0.000234987
52 4.22667e-05 9.38656e-05 0.000372185 0.000137309 0.000104784 0.000261781
53 8.98978e-05 6.25021e-05 0.000200827 1.89349e-05 4.18477e-05 0.000104607
54 0.000188429 1.42342e-05 4.29564e-05 6.6106e-06 2.10122e-05 2.98244e-05
55 0.000187981 2.41772e-05 0.000108504 5.56212e-06 2.4831e-06 7.51147e-06
56 0.000190542 3.45881e-05 8.74614e-05 1.526e-05 2.9684e-06 1.77965e-05
57 0.000150194 3.61447e-05 5.7875e-05 3.22461e-05 4.03367e-05 3.19385e-05
58 0.000183307 4.81677e-05 6.75669e-05 7.84836e-05 0.000147195 0.000111278
59 0.000135814 6.37185e-05 0.000166278 0.000132806 0.000577484 0.000621302
60 0.000259934 7.48152e-05 0.000430309 0.000178383 0.000987892 0.000959698
61 0.00173021 0.000239115 0.00210412 0.000299005 0.00630411 0.00947224
62 0.00113706 0.000217248 0.00233587 0.00024112 0.00403235 0.00598938
63 0.000401611 7.9862e-05 0.000614769 6.71253e-05 0.00074571 0.000857116
64 0.0002314 5.53385e-05 0.000113173 1.34121e-05 0.000130191 0.000186569
65 0.000135291 4.96519e-05 4.70624e-05 9.03719e-06 3.41162e-05 6.48749e-05
66 0.000170329 5.34014e-05 1.50534e-05 7.2743e-06 1.74497e-06 2.96149e-05
67 0.00011187 6.01332e-05 1.77136e-05 8.0696e-06 4.05272e-06 1.38554e-05
68 9.24313e-05 6.47688e-05 6.68908e-05 1.51207e-05 1.7373e-05 3.83909e-05
69 1.05987e-05 3.34118e-05 8.33474e-05 6.93762e-06 2.86348e-05 2.79257e-05
70 0.000117621 7.72016e-05 8.86034e-05 2.11435e-06 8.66064e-06 2.90189e-05
71 0.000353476 0.000104298 0.000141149 2.01489e-06 2.41734e-05 3.84029e-05
72 0.000811365 7.90762e-05 0.000100534 3.72059e-05 0.000140855 1.1354e-05
73 0.00192472 6.80774e-05 0.000162528 0.000184576 0.000699713 0.000253781
74 0.0023334 0.000707547 0.000145429 0.000329734 0.000895886 0.00158566
75 0.0035135 0.00153001 0.000519634 0.000600922 0.00150529 0.00319177
76 0.00195877 0.000920756 0.00029869 0.00023863 0.000199196 0.00130671
77 0.00110407 0.00116298 0.000225454 0.000116698 0.000180613 0.000975152
78 0.00130742 0.00270081 0.000509899 0.000144276 9.01616e-05 0.00207572
79 0.00110506 0.0019938 0.000437305 0.000105168 4.3595e-06 0.00150806
80 0.000403875 0.000629681 0.000211665 1.73075e-05 2.96697e-06 0.000304983
81 0.000243317 0.000748398 0.000330837 4.0537e-06 6.39873e-05 0.000299122
82 0.000405251 0.000924843 0.000475437 1.61685e-05 0.000197788 0.000407909
83 0.00029667 0.00052736 0.000280599 1.20235e-05 0.000101532 0.000117614
84 0.000261139 0.000239231 0.000193881 1.64859e-05 7.54153e-05 1.9355e-05
85 0.000606131 0.000293304 0.000390979 8.54573e-05 0.000240557 2.01712e-05
86 0.000459808 0.000360553 0.000468867 0.000110313 0.000258588 7.64887e-05
87 0.00151479 0.000882602 0.00225304 0.000942672 0.00212541 0.000261459
88 0.00256479 0.000269682 0.000880442 0.000888602 0.0017194 0.000607446
89 0.00179076 0.000289005 0.00047053 0.000494194 0.000873688 0.000466173
90 0.000708067 0.000127432 0.000177174 8.98667e-05 0.00018476 0.000131959
91 0.000296426 0.000144087 0.000171898 4.56355e-05 7.81916e-05 6.52842e-05
92 0.000151348 0.000157582 0.000260138 5.46332e-05 9.12507e-05 6.85547e-05
93 3.76288e-05 0.000108657 0.00029448 8.19591e-06 3.95196e-05 2.74621e-05
94 3.92884e-05 7.94096e-05 0.000211085 5.88567e-06 7.46521e-06 1.3869e-05
95 0.000227652 7.52437e-05 0.000231067 2.1784e-06 7.78293e-06 9.23843e-06
96 0.000196918 4.77352e-05 0.00038832 9.07838e-06 0.000101333 6.60657e-05
97 0.000435142 3.41005e-05 0.000726907 4.59356e-05 0.000299117 0.000137876
98 0.000227964 2.63806e-05 0.000530473 4.1002e-05 0.000260327 8.94562e-05
99 0.000343046 2.77681e-05 0.000820596 8.48532e-05 0.000426297 0.000121773
100 0.000200274 3.53314e-05 0.000935841 0.000109533 0.000491283 0.000170944
101 0.000509105 3.37396e-05 0.00134377 0.000218471 0.000756611 0.000257582
102 0.000774704 4.03093e-05 0.00598578 0.000787709 0.00470493 0.00186091
103 0.00120852 5.65155e-05 0.0055 0.000762015 0.00448596 0.00162759
104 0.000921988 0.000103762 0.00580979 0.000683355 0.00420938 0.00237776
105 0.000837601 1.71124e-05 0.00331772 0.000431374 0.00266556 0.00130246
106 0.000481257 3.7145e-06 0.00111434 0.000119768 0.000594688 0.000352877
107 0.000570952 2.11802e-05 0.00074278 9.65729e-05 0.00040177 0.0002809
108 0.000206937 2.42987e-05 0.000144693 1.35901e-05 4.66924e-05 3.84751e-05
109 0.000144465 7.04808e-05 8.17274e-05 6.00289e-06 2.80554e-05 2.74342e-05
110 1.39537e-05 8.96494e-05 5.60089e-05 1.75386e-06 2.6551e-06 9.40748e-06
111 4.51775e-05 9.64287e-05 9.4628e-05 1.03216e-05 8.85469e-06 1.61934e-05
112 0.000115087 7.38706e-05 7.02524e-05 2.60891e-05 2.93896e-05 5.27785e-05
113 0.000385848 7.9528e-05 6.23544e-05 4.72414e-05 5.58891e-05 0.000101749
114 0.00057246 0.000242519 0.000118613 0.000125481 0.000191142 0.000320698
115 0.0015138 0.000283158 4.43808e-05 0.000177855 0.000226484 0.000441236
116 0.00132658 0.000202157 9.93639e-05 5.99398e-05 7.88032e-05 0.000368724
117 0.00129647 0.000250926 0.000402876 2.11156e-05 4.52496e-05 0.000445892
118 0.000976189 0.000134955 0.000238861 2.59305e-05 4.2457e-06 0.000194914
119 0.00049535 0.00013098 0.000585128 2.24552e-05 3.61746e-05 0.000236767
120 0.000571253 5.62674e-05 0.000325072 4.32267e-05 2.59709e-05 0.000171256
121 0.00016579 1.90236e-05 0.000114696 3.96383e-05 3.7204e-05 0.000105425
122 0.00045829 5.1017e-05 2.30769e-05 7.47247e-05 7.57465e-05 0.000199031
123 0.000997453 0.000108399 0.00026301 7.42288e-05 6.68158e-05 0.000220913
124 0.000557147 5.78329e-05 0.000278828 2.89558e-05 6.65607e-05 7.98991e-05
125 4.90477e-05 6.14849e-06 7.9777e-05 1.05155e-05 3.52221e-05 2.97608e-05
126 1.52619e-05 1.78746e-05 0.00025302 1.05936e-05 3.26558e-05 2.87678e-05
127 6.29331e-05 6.65899e-05 0.000497215 4.33558e-06 4.71022e-05 3.46411e-05
128 0.000272792 2.56846e-05 0.000216675 7.3983e-06 2.50745e-05 7.93372e-06
129 0.000253007 2.35025e-05 0.000226101 4.13002e-06 1.49341e-05 1.51249e-06
130 0.000300452 4.12812e-05 0.000443588 3.04074e-06 4.65326e-05 1.54521e-06
131 0.000650462 4.56208e-05 0.000405149 0.000108596 6.56447e-05 1.24019e-05
132 0.000540629 7.57098e-05 0.00014288 2.65259e-05 1.41997e-05 1.77732e-05
133 0.00054546 5.14744e-05 0.00021656 2.93531e-05 3.15167e-05 1.53715e-05
134 0.00108332 6.34226e-05 0.000498754 7.02801e-05 0.000118887 2.67884e-05
135 0.00110245 0.000144434 0.0006603 0.000126559 0.000168878 0.000181536
136 0.000669267 0.00010894 0.000456862 9.29838e-05 0.000144281 0.000147118
137 0.000862616 7.31236e-05 0.000707522 0.00013265 0.000317956 0.000202959
138 0.000613293 4.16478e-05 0.000270821 4.8891e-05 0.000107557 4.2673e-05
139 0.000963581 4.23276e-05 0.000402459 6.38915e-05 0.000183701 8.37748e-05
140 0.00153202 4.33935e-05 0.00114787 6.5144e-05 0.000753804 0.000489105
141 0.00128871 6.17579e-05 0.000988489 1.35728e-05 0.000816254 0.000739013
142 0.0005507 3.69574e-05 0.000407135 9.64657e-06 0.000250714 0.000249625
143 0.000685138 3.50642e-05 0.000685722 1.24348e-05 0.000254001 0.000139989
144 0.000788999 5.53e-05 0.00155442 2.9392e-05 0.000808304 0.000536765
145 0.000418546 3.13426e-05 0.00112989 4.74847e-05 0.000628476 0.000479838
146 0.000213165 2.54061e-05 0.000676096 3.65937e-05 0.000245131 0.000162785
147 0.000150255 5.44491e-05 0.00145978 0.000112192 0.000429304 0.000233115
148 0.000207728 5.31305e-05 0.00202 0.000255382 0.000691147 0.000392989
149 0.00020518 1.92327e-05 0.00103822 0.000223822 0.000200802 7.68676e-05
150 0.00251886 3.77304e-05 0.000957815 0.00019413 2.93967e-05 0.00010662
151 0.0020823 5.96492e-05 0.000373412 0.0001323 2.54644e-05 0.000250756
152 0.00574527 0.000160215 0.000671513 0.00014381 0.000107936 0.000586891
153 0.0154938 0.000559557 0.00143824 0.000256069 0.00074969 0.00328063
154 0.0134587 0.00064516 0.00216824 0.000315587 0.00112757 0.00390018
155 0.0425317 0.00266739 0.00530348 0.0126078 0.00755312 0.0109901
156 0.0383107 0.00655752 0.044925 0.0715804 0.0166108 0.0165702
157 0.0544787 0.0088793 0.0642202 0.092767 0.00110595 0.00507594
158 0.0137713 0.000128683 0.00174192 0.000173114 0.000352065 0.000588102
