1.661	81.142	-18.953	32.82
-0.649	78.808	-16.998	27.29
0.999	79.899	-13.698	19.70
2.035	82.880	-11.615	12.66
4.415	83.360	-8.674	8.46
3.197	84.706	-5.310	6.45
5.541	86.184	-2.645	4.86
4.313	85.503	0.912	5.20
5.769	87.206	3.994	6.32
3.038	86.694	6.674	7.20
0.847	83.713	7.703	6.34
1.105	82.358	4.138	5.65
4.719	81.411	5.003	5.87
3.164	78.253	6.546	6.06
2.259	75.487	4.073	7.92
-0.774	74.238	6.036	9.95
-2.095	77.795	6.349	8.44
-1.826	78.747	2.669	7.62
-3.353	75.371	1.680	8.51
-6.574	76.033	3.657	12.18
-7.864	78.330	0.885	12.80
-5.183	77.663	-1.780	11.33
-4.730	73.872	-1.770	10.65
-2.881	73.635	-5.114	11.02
-0.172	76.228	-4.230	9.08
3.284	74.670	-4.606	8.68
6.525	75.733	-2.899	8.63
8.819	77.406	-5.463	9.00
11.696	79.021	-3.511	9.57
12.824	81.216	-0.612	9.34
13.546	84.810	-1.651	8.16
14.587	88.252	-0.380	9.33
12.770	91.517	-1.048	8.65
15.359	94.307	-0.940	9.87
14.544	97.775	0.479	8.95
11.252	96.918	2.223	8.13
10.493	96.598	5.958	9.82
7.999	94.294	7.715	7.31
5.289	95.886	9.909	6.44
1.985	94.826	11.538	6.07
-1.247	96.748	11.690	7.64
-4.972	97.221	11.563	8.78
-5.923	97.946	7.969	9.32
-8.559	100.696	7.663	11.29
-8.332	100.875	11.494	13.23
-10.025	97.472	11.799	13.66
-8.756	94.670	14.027	13.18
-8.681	91.334	12.240	13.48
-11.320	89.121	13.766	15.49
-9.510	86.016	12.485	13.90
-6.238	86.898	14.220	10.93
-7.168	89.387	16.985	10.37
-4.061	91.567	16.422	8.22
-2.136	93.499	13.748	6.80
-1.607	91.574	10.511	7.55
1.464	91.672	8.289	5.85
2.334	94.404	5.791	5.63
5.473	95.772	4.068	6.04
6.563	99.248	3.038	8.10
9.479	100.762	1.103	8.86
12.524	101.433	3.300	10.72
16.013	101.763	1.751	12.64
18.535	99.389	3.366	12.86
15.967	97.096	5.020	11.88
14.873	93.700	3.714	9.66
12.032	91.189	3.976	8.32
12.467	87.426	3.438	6.70
9.582	85.286	2.287	5.98
8.380	82.224	0.383	6.32
7.594	82.230	-3.337	6.81
4.597	80.020	-4.180	6.71
3.722	78.780	-7.676	10.67
-0.020	78.990	-8.320	14.96
-2.387	78.505	-11.269	16.81
-3.628	81.713	-12.926	18.44
-7.178	80.388	-12.308	20.24
-6.650	81.293	-8.627	19.20
-5.762	84.994	-9.094	17.62
-9.256	86.224	-8.235	15.45
-9.504	83.915	-5.210	13.67
-6.192	85.100	-3.718	12.60
-7.290	88.733	-4.140	14.58
-10.581	87.976	-2.357	15.15
-8.697	86.353	0.525	12.57
-6.690	89.542	1.063	12.75
-9.820	91.756	1.165	12.01
-8.656	93.895	-1.771	11.38
-12.250	94.978	-2.472	13.85
-12.749	96.209	1.117	13.82
-9.497	98.175	0.953	10.28
-7.497	95.879	3.220	8.30
-4.560	95.251	0.859	6.96
-3.605	96.354	-2.640	6.08
-2.088	94.022	-5.264	5.25
1.598	94.772	-5.961	5.50
4.313	93.423	-8.265	7.62
7.747	92.940	-6.711	8.45
11.122	91.673	-7.849	10.06
12.820	89.370	-5.338	11.18
16.229	87.650	-5.225	13.08
16.785	83.944	-4.583	16.50
19.692	82.714	-2.434	22.57
21.569	82.198	-5.738	24.28
20.997	85.855	-6.675	23.66
18.463	85.137	-9.437	22.66
15.736	87.791	-9.792	20.64
12.085	86.641	-9.791	16.42
8.957	88.697	-10.601	11.94
6.113	88.055	-8.116	8.92
2.570	89.066	-7.192	7.10
2.214	90.211	-3.559	5.76
0.058	92.476	-1.327	5.46
0.507	95.345	1.080	5.33
-1.669	97.733	3.145	8.47
-2.062	101.355	1.978	7.75
-4.096	102.734	4.881	8.45
-3.469	101.231	8.318	9.07
-2.656	101.818	12.000	12.73
0.465	100.039	13.312	11.44
-0.380	97.388	15.959	9.35
1.354	94.287	17.340	9.40
0.372	90.816	16.085	7.11
-1.412	88.280	18.314	6.79
0.682	85.440	19.773	6.68
-1.204	83.003	17.507	7.09
-0.414	84.972	14.345	6.40
3.248	85.356	15.355	6.08
3.442	81.605	16.044	7.44
2.100	80.730	12.571	7.66
4.606	83.131	10.935	5.67
7.524	81.681	12.925	7.38
6.418	78.099	12.111	8.91
6.218	78.880	8.394	6.41
9.616	80.608	8.399	7.28
11.237	77.548	9.990	8.49
9.383	74.943	7.877	8.90
10.226	76.602	4.574	10.34
13.899	77.371	5.288	11.11
14.132	81.172	5.643	9.75
17.641	82.302	6.774	10.42
18.191	81.557	10.460	13.49
19.061	85.171	11.239	13.31
15.784	86.328	9.683	9.52
14.001	83.704	11.794	9.45
15.607	85.334	14.879	11.18
14.194	88.709	13.797	11.50
10.684	87.175	13.523	7.72
11.059	85.527	16.934	7.89
12.061	88.941	18.363	8.40
8.658	90.455	17.456	9.44
6.735	91.621	20.542	9.75
3.120	90.314	20.323	8.93
0.026	91.765	21.921	9.51
-1.533	90.096	24.989	13.34
-4.388	88.236	23.230	10.99
-4.941	84.937	25.067	10.76
-8.574	84.436	24.054	14.50
-10.160	81.857	21.750	21.10
-9.046	81.484	18.115	23.66
