0 32.82
1 27.29
2 19.7
3 12.66
4 8.46
5 6.45
6 4.86
7 5.2
8 6.32
9 7.2
10 6.34
11 5.65
12 5.87
13 6.06
14 7.92
15 9.95
16 8.44
17 7.62
18 8.51
19 12.18
20 12.8
21 11.33
22 10.65
23 11.02
24 9.08
25 8.68
26 8.63
27 9
28 9.57
29 9.34
30 8.16
31 9.33
32 8.65
33 9.87
34 8.95
35 8.13
36 9.82
37 7.31
38 6.44
39 6.07
40 7.64
41 8.78
42 9.32
43 11.29
44 13.23
45 13.66
46 13.18
47 13.48
48 15.49
49 13.9
50 10.93
51 10.37
52 8.22
53 6.8
54 7.55
55 5.85
56 5.63
57 6.04
58 8.1
59 8.86
60 10.72
61 12.64
62 12.86
63 11.88
64 9.66
65 8.32
66 6.7
67 5.98
68 6.32
69 6.81
70 6.71
71 10.67
72 14.96
73 16.81
74 18.44
75 20.24
76 19.2
77 17.62
78 15.45
79 13.67
80 12.6
81 14.58
82 15.15
83 12.57
84 12.75
85 12.01
86 11.38
87 13.85
88 13.82
89 10.28
90 8.3
91 6.96
92 6.08
93 5.25
94 5.5
95 7.62
96 8.45
97 10.06
98 11.18
99 13.08
100 16.5
101 22.57
102 24.28
103 23.66
104 22.66
105 20.64
106 16.42
107 11.94
108 8.92
109 7.1
110 5.76
111 5.46
112 5.33
113 8.47
114 7.75
115 8.45
116 9.07
117 12.73
118 11.44
119 9.35
120 9.4
121 7.11
122 6.79
123 6.68
124 7.09
125 6.4
126 6.08
127 7.44
128 7.66
129 5.67
130 7.38
131 8.91
132 6.41
133 7.28
134 8.49
135 8.9
136 10.34
137 11.11
138 9.75
139 10.42
140 13.49
141 13.31
142 9.52
143 9.45
144 11.18
145 11.5
146 7.72
147 7.89
148 8.4
149 9.44
150 9.75
151 8.93
152 9.51
153 13.34
154 10.99
155 10.76
156 14.5
157 21.1
158 23.66
159 24.39
160 26.3
161 29.04
162 29.71
163 32.6
164 34.16
165 36.08
166 38.9
167 41.54
168 41.81
