-45 -3.0959 -2.23766 6.15231 10.0816
-44.55 -3.09559 -2.23765 6.15037 10.0814
-44.1 -3.09528 -2.23764 6.14844 10.0813
-43.65 -3.09496 -2.23763 6.14653 10.0812
-43.2 -3.09465 -2.23762 6.14462 10.0811
-42.75 -3.09433 -2.23761 6.14272 10.0811
-42.3 -3.09402 -2.2376 6.14084 10.081
-41.85 -3.0937 -2.23759 6.13896 10.0809
-41.4 -3.09339 -2.23758 6.1371 10.0809
-40.95 -3.09307 -2.23757 6.13524 10.0809
-40.5 -3.09276 -2.23756 6.1334 10.0809
-40.05 -3.09244 -2.23756 6.13156 10.0809
-39.6 -3.09213 -2.23755 6.12974 10.0809
-39.15 -3.09181 -2.23754 6.12792 10.081
-38.7 -3.0915 -2.23754 6.12612 10.081
-38.25 -3.09118 -2.23753 6.12433 10.0811
-37.8 -3.09086 -2.23753 6.12254 10.0812
-37.35 -3.09055 -2.23752 6.12077 10.0813
-36.9 -3.09023 -2.23752 6.11901 10.0814
-36.45 -3.08992 -2.23752 6.11725 10.0815
-36 -3.08961 -2.23751 6.11551 10.0816
-35.55 -3.08929 -2.23751 6.11378 10.0818
-35.1 -3.08898 -2.23751 6.11206 10.082
-34.65 -3.08866 -2.23751 6.11035 10.0822
-34.2 -3.08835 -2.23751 6.10865 10.0824
-33.75 -3.08804 -2.23751 6.10696 10.0826
-33.3 -3.08773 -2.23751 6.10528 10.0828
-32.85 -3.08741 -2.23751 6.10361 10.083
-32.4 -3.0871 -2.23751 6.10195 10.0833
-31.95 -3.08679 -2.23751 6.1003 10.0836
-31.5 -3.08648 -2.23751 6.09866 10.0839
-31.05 -3.08617 -2.23751 6.09703 10.0842
-30.6 -3.08586 -2.23752 6.09541 10.0845
-30.15 -3.08555 -2.23752 6.09381 10.0848
-29.7 -3.08525 -2.23752 6.09221 10.0851
-29.25 -3.08494 -2.23753 6.09062 10.0855
-28.8 -3.08463 -2.23753 6.08905 10.0859
-28.35 -3.08432 -2.23754 6.08748 10.0863
-27.9 -3.08402 -2.23755 6.08593 10.0867
-27.45 -3.08372 -2.23755 6.08438 10.0871
-27 -3.08341 -2.23756 6.08285 10.0875
-26.55 -3.08311 -2.23757 6.08132 10.0879
-26.1 -3.08281 -2.23757 6.07981 10.0884
-25.65 -3.08251 -2.23758 6.07831 10.0889
-25.2 -3.0822 -2.23759 6.07681 10.0894
-24.75 -3.08191 -2.2376 6.07533 10.0899
-24.3 -3.08161 -2.23761 6.07386 10.0904
-23.85 -3.08131 -2.23762 6.0724 10.0909
-23.4 -3.08101 -2.23763 6.07095 10.0915
-22.95 -3.08072 -2.23764 6.06951 10.092
-22.5 -3.08042 -2.23765 6.06808 10.0926
-22.05 -3.08013 -2.23767 6.06667 10.0932
-21.6 -3.07984 -2.23768 6.06526 10.0938
-21.15 -3.07955 -2.23769 6.06386 10.0944
-20.7 -3.07926 -2.2377 6.06247 10.095
-20.25 -3.07897 -2.23772 6.0611 10.0957
-19.8 -3.07868 -2.23773 6.05973 10.0964
-19.35 -3.07839 -2.23775 6.05838 10.097
-18.9 -3.07811 -2.23776 6.05703 10.0977
-18.45 -3.07782 -2.23778 6.0557 10.0984
-18 -3.07754 -2.23779 6.05438 10.0991
-17.55 -3.07726 -2.23781 6.05307 10.0999
-17.1 -3.07698 -2.23783 6.05176 10.1006
-16.65 -3.0767 -2.23785 6.05047 10.1014
-16.2 -3.07642 -2.23786 6.04919 10.1022
-15.75 -3.07615 -2.23788 6.04792 10.103
-15.3 -3.07587 -2.2379 6.04666 10.1038
-14.85 -3.0756 -2.23792 6.04542 10.1046
-14.4 -3.07533 -2.23794 6.04418 10.1054
-13.95 -3.07506 -2.23796 6.04295 10.1063
-13.5 -3.07479 -2.23798 6.04174 10.1071
-13.05 -3.07452 -2.238 6.04053 10.108
-12.6 -3.07425 -2.23802 6.03934 10.1089
-12.15 -3.07399 -2.23805 6.03815 10.1098
-11.7 -3.07372 -2.23807 6.03698 10.1107
-11.25 -3.07346 -2.23809 6.03582 10.1117
-10.8 -3.0732 -2.23811 6.03466 10.1126
-10.35 -3.07294 -2.23814 6.03352 10.1136
-9.9 -3.07268 -2.23816 6.03239 10.1145
-9.45 -3.07243 -2.23819 6.03127 10.1155
-9 -3.07218 -2.23821 6.03017 10.1165
-8.55 -3.07192 -2.23824 6.02907 10.1176
-8.1 -3.07167 -2.23826 6.02798 10.1186
-7.65 -3.07142 -2.23829 6.0269 10.1196
-7.2 -3.07117 -2.23832 6.02584 10.1207
-6.75 -3.07093 -2.23834 6.02478 10.1218
-6.3 -3.07068 -2.23837 6.02374 10.1229
-5.85 -3.07044 -2.2384 6.02271 10.124
-5.4 -3.0702 -2.23843 6.02168 10.1251
-4.95 -3.06996 -2.23845 6.02067 10.1262
-4.5 -3.06972 -2.23848 6.01967 10.1274
-4.05 -3.06949 -2.23851 6.01868 10.1285
-3.6 -3.06925 -2.23854 6.0177 10.1297
-3.15 -3.06902 -2.23857 6.01673 10.1309
-2.7 -3.06879 -2.2386 6.01578 10.1321
-2.25 -3.06856 -2.23863 6.01483 10.1333
-1.8 -3.06833 -2.23867 6.01389 10.1346
-1.35 -3.06811 -2.2387 6.01297 10.1358
-0.9 -3.06789 -2.23873 6.01206 10.1371
-0.45 -3.06766 -2.23876 6.01115 10.1384
0 -3.06744 -2.2388 6.01026 10.1397
0.45 -3.06723 -2.23883 6.00938 10.141
0.9 -3.06701 -2.23886 6.00851 10.1423
1.35 -3.06679 -2.2389 6.00765 10.1436
1.8 -3.06658 -2.23893 6.0068 10.145
2.25 -3.06637 -2.23897 6.00596 10.1463
2.7 -3.06616 -2.239 6.00514 10.1477
3.15 -3.06595 -2.23904 6.00432 10.1491
3.6 -3.06575 -2.23907 6.00351 10.1505
4.05 -3.06554 -2.23911 6.00272 10.1519
4.5 -3.06534 -2.23915 6.00194 10.1534
4.95 -3.06514 -2.23918 6.00116 10.1548
5.4 -3.06494 -2.23922 6.0004 10.1563
5.85 -3.06475 -2.23926 5.99965 10.1577
6.3 -3.06455 -2.2393 5.99891 10.1592
6.75 -3.06436 -2.23934 5.99818 10.1607
7.2 -3.06417 -2.23937 5.99747 10.1623
7.65 -3.06398 -2.23941 5.99676 10.1638
8.1 -3.06379 -2.23945 5.99606 10.1653
8.55 -3.06361 -2.23949 5.99538 10.1669
9 -3.06342 -2.23953 5.99471 10.1685
9.45 -3.06324 -2.23957 5.99404 10.1701
9.9 -3.06306 -2.23961 5.99339 10.1717
10.35 -3.06288 -2.23966 5.99275 10.1733
10.8 -3.06271 -2.2397 5.99212 10.1749
11.25 -3.06253 -2.23974 5.9915 10.1766
11.7 -3.06236 -2.23978 5.99089 10.1782
12.15 -3.06219 -2.23982 5.9903 10.1799
12.6 -3.06202 -2.23987 5.98971 10.1816
13.05 -3.06185 -2.23991 5.98913 10.1833
13.5 -3.06169 -2.23995 5.98857 10.185
13.95 -3.06153 -2.24 5.98802 10.1867
14.4 -3.06137 -2.24004 5.98748 10.1885
14.85 -3.06121 -2.24009 5.98694 10.1902
15.3 -3.06105 -2.24013 5.98642 10.192
15.75 -3.06089 -2.24018 5.98592 10.1938
16.2 -3.06074 -2.24022 5.98542 10.1956
16.65 -3.06059 -2.24027 5.98493 10.1974
17.1 -3.06044 -2.24031 5.98445 10.1992
17.55 -3.06029 -2.24036 5.98399 10.2011
18 -3.06014 -2.2404 5.98353 10.2029
18.45 -3.06 -2.24045 5.98309 10.2048
18.9 -3.05985 -2.2405 5.98266 10.2067
19.35 -3.05971 -2.24055 5.98224 10.2086
19.8 -3.05957 -2.24059 5.98183 10.2105
20.25 -3.05943 -2.24064 5.98143 10.2124
20.7 -3.0593 -2.24069 5.98104 10.2144
21.15 -3.05917 -2.24074 5.98067 10.2163
21.6 -3.05903 -2.24079 5.9803 10.2183
22.05 -3.0589 -2.24084 5.97995 10.2203
22.5 -3.05877 -2.24089 5.9796 10.2223
22.95 -3.05865 -2.24094 5.97927 10.2243
23.4 -3.05852 -2.24099 5.97895 10.2263
23.85 -3.0584 -2.24104 5.97864 10.2283
24.3 -3.05828 -2.24109 5.97834 10.2304
24.75 -3.05816 -2.24114 5.97805 10.2324
25.2 -3.05804 -2.24119 5.97777 10.2345
25.65 -3.05792 -2.24124 5.97751 10.2366
26.1 -3.05781 -2.24129 5.97725 10.2387
26.55 -3.0577 -2.24134 5.97701 10.2408
27 -3.05758 -2.24139 5.97677 10.243
27.45 -3.05747 -2.24144 5.97655 10.2451
27.9 -3.05737 -2.2415 5.97634 10.2473
28.35 -3.05726 -2.24155 5.97614 10.2495
28.8 -3.05716 -2.2416 5.97595 10.2516
29.25 -3.05705 -2.24166 5.97577 10.2538
29.7 -3.05695 -2.24171 5.97561 10.2561
30.15 -3.05685 -2.24176 5.97545 10.2583
30.6 -3.05676 -2.24182 5.97531 10.2605
31.05 -3.05666 -2.24187 5.97517 10.2628
31.5 -3.05656 -2.24192 5.97505 10.2651
31.95 -3.05647 -2.24198 5.97494 10.2673
32.4 -3.05638 -2.24203 5.97484 10.2696
32.85 -3.05629 -2.24209 5.97475 10.272
33.3 -3.0562 -2.24214 5.97467 10.2743
33.75 -3.05612 -2.2422 5.97461 10.2766
34.2 -3.05603 -2.24225 5.97455 10.279
34.65 -3.05595 -2.24231 5.9745 10.2813
35.1 -3.05587 -2.24236 5.97447 10.2837
35.55 -3.05579 -2.24242 5.97445 10.2861
36 -3.05571 -2.24248 5.97444 10.2885
36.45 -3.05563 -2.24253 5.97444 10.291
36.9 -3.05556 -2.24259 5.97445 10.2934
37.35 -3.05548 -2.24264 5.97447 10.2958
37.8 -3.05541 -2.2427 5.9745 10.2983
38.25 -3.05534 -2.24276 5.97454 10.3008
38.7 -3.05527 -2.24282 5.9746 10.3033
39.15 -3.0552 -2.24287 5.97466 10.3058
39.6 -3.05513 -2.24293 5.97474 10.3083
40.05 -3.05507 -2.24299 5.97483 10.3108
40.5 -3.05501 -2.24305 5.97493 10.3134
40.95 -3.05494 -2.2431 5.97504 10.3159
41.4 -3.05488 -2.24316 5.97516 10.3185
41.85 -3.05482 -2.24322 5.97529 10.3211
42.3 -3.05477 -2.24328 5.97543 10.3237
42.75 -3.05471 -2.24334 5.97559 10.3263
43.2 -3.05465 -2.2434 5.97575 10.3289
43.65 -3.0546 -2.24345 5.97593 10.3315
44.1 -3.05455 -2.24351 5.97612 10.3342
44.55 -3.0545 -2.24357 5.97632 10.3369
