0 27.2547
1 16.6059
2 12.0177
3 12.5559
4 15.4603
5 10.6072
6 9.52765
7 11.5451
8 11.7263
9 9.65931
10 9.87853
11 13.4125
12 11.7976
13 10.6382
14 13.2851
15 17.4678
16 14.9877
17 12.4767
18 11.6146
19 16.3229
20 13.691
21 14.4616
22 14.0766
23 10.3193
24 11.6399
25 9.59134
26 11.4112
27 11.1988
28 10.3966
29 8.62722
30 7.58566
31 6.78118
32 6.66449
33 6.82173
34 7.16989
35 8.58222
36 15.5885
37 13.9803
38 10.91
39 9.41745
40 7.15357
41 6.92412
42 6.47427
43 7.19608
44 8.08419
45 8.91994
46 11.3637
47 14.1741
48 12.8085
49 17.5229
50 19.7661
51 13.9334
52 13.2569
53 12.7405
54 9.94838
55 10.5209
56 9.17451
57 9.15142
58 7.73532
59 8.38658
60 8.7995
61 10.1187
62 11.9454
63 12.7154
64 11.3927
65 10.4291
66 10.3079
67 9.50229
68 10.1595
69 9.36244
70 10.203
71 8.19651
72 7.64171
73 7.57563
74 7.86118
75 7.60792
76 8.73988
77 10.4049
78 11.6692
79 8.91454
80 8.16839
81 10.0959
82 15.8675
83 12.7311
84 11.6816
85 12.1269
86 9.98074
87 11.6182
88 15.5042
89 39.276
