-10.763	11.210	11.256	16.10
-8.579	12.468	8.309	13.61
-7.155	8.968	7.996	12.54
-10.642	7.385	8.030	12.83
-11.914	9.777	5.368	12.13
-8.886	9.220	3.110	10.73
-9.225	5.421	3.378	10.20
-12.875	5.548	2.437	12.10
-12.228	7.810	-0.535	10.59
-9.151	5.805	-1.618	7.30
-10.933	2.437	-1.351	7.54
-13.954	3.740	-3.266	9.63
-11.598	4.922	-6.003	10.64
-9.665	1.622	-6.060	10.19
-12.982	-0.239	-6.402	14.08
-13.858	2.002	-9.414	17.23
-10.487	1.218	-11.060	16.68
-9.047	-2.005	-9.627	16.33
-5.281	-2.441	-10.085	15.73
-4.402	-4.259	-13.317	16.24
-1.998	-7.189	-13.021	17.90
1.434	-6.211	-14.386	18.38
0.773	-2.485	-14.589	16.41
2.437	-1.536	-11.254	14.07
6.105	-2.540	-10.846	13.65
7.544	-2.373	-7.312	13.26
10.715	-0.379	-6.719	12.98
12.472	0.334	-3.440	10.64
11.342	3.545	-1.787	10.24
8.231	4.007	-3.955	10.26
4.764	4.375	-2.491	9.33
2.005	2.029	-3.603	8.92
-1.166	0.420	-2.392	7.17
-0.964	-3.035	-0.793	7.00
-3.732	-5.551	-0.223	7.59
-3.534	-6.731	3.392	9.61
-4.730	-10.094	4.768	12.17
-8.210	-8.626	5.428	11.56
-8.714	-8.192	1.679	11.77
-8.541	-4.391	2.082	10.73
-6.160	-1.951	0.342	7.49
-3.762	0.227	2.349	5.81
-1.092	2.816	1.565	6.00
2.395	1.334	1.602	6.66
6.034	1.875	0.766	8.40
8.336	-0.682	-0.855	7.95
11.334	-1.540	1.384	10.14
12.969	-4.425	-0.543	11.57
12.359	-6.504	-3.636	13.37
13.255	-10.147	-2.994	17.44
11.437	-11.723	-5.974	15.59
8.235	-11.216	-8.001	14.85
6.361	-13.133	-5.275	14.09
8.187	-11.498	-2.355	13.26
8.039	-7.724	-1.978	10.38
8.760	-6.259	1.466	9.01
6.413	-3.373	2.242	8.19
5.723	-0.980	5.101	7.55
2.124	0.041	5.735	7.11
2.674	3.767	6.122	7.34
-0.495	4.492	8.078	7.05
-0.182	1.571	10.504	11.47
3.550	0.867	11.070	12.77
3.737	-2.844	10.269	12.06
5.487	-4.760	7.537	10.82
4.493	-7.578	5.221	11.24
6.086	-9.634	2.478	12.92
3.645	-10.037	-0.386	14.25
3.476	-10.862	-4.079	12.92
3.408	-8.179	-6.820	15.00
-0.198	-9.198	-7.541	14.96
-1.274	-7.635	-4.232	11.23
0.361	-4.285	-4.972	8.38
-0.958	-1.420	-7.070	7.37
-0.321	2.191	-8.040	8.67
-1.013	4.787	-5.356	9.11
-3.084	7.441	-7.112	11.88
-1.879	11.028	-6.644	12.91
-5.228	11.918	-4.944	12.25
-4.250	9.711	-1.972	9.91
-0.514	10.371	-1.877	9.78
1.573	11.639	1.047	10.48
1.305	15.098	-0.506	11.79
-2.408	14.871	0.409	11.61
-2.102	13.259	3.853	10.13
1.261	12.396	5.463	10.94
2.069	8.829	6.689	10.61
-0.104	8.177	9.766	11.79
1.881	5.379	11.483	14.24
1.593	5.923	15.268	16.79
