-85 -3.05481 -2.25 6.04007 10.7382
-84.15 -3.05475 -2.24987 6.03781 10.73
-83.3 -3.05469 -2.24975 6.03559 10.7218
-82.45 -3.05463 -2.24963 6.03341 10.7136
-81.6 -3.05457 -2.24951 6.03127 10.7055
-80.75 -3.05451 -2.24939 6.02916 10.6975
-79.9 -3.05446 -2.24927 6.0271 10.6895
-79.05 -3.0544 -2.24914 6.02507 10.6815
-78.2 -3.05435 -2.24902 6.02309 10.6735
-77.35 -3.0543 -2.2489 6.02114 10.6656
-76.5 -3.05426 -2.24877 6.01923 10.6578
-75.65 -3.05422 -2.24865 6.01736 10.65
-74.8 -3.05417 -2.24853 6.01553 10.6422
-73.95 -3.05414 -2.2484 6.01374 10.6345
-73.1 -3.0541 -2.24828 6.01199 10.6268
-72.25 -3.05407 -2.24815 6.01028 10.6192
-71.4 -3.05404 -2.24803 6.0086 10.6116
-70.55 -3.05401 -2.24791 6.00697 10.6041
-69.7 -3.05398 -2.24778 6.00538 10.5966
-68.85 -3.05396 -2.24766 6.00382 10.5891
-68 -3.05394 -2.24753 6.00231 10.5817
-67.15 -3.05393 -2.24741 6.00083 10.5743
-66.3 -3.05391 -2.24728 5.99939 10.567
-65.45 -3.0539 -2.24715 5.998 10.5597
-64.6 -3.0539 -2.24703 5.99664 10.5525
-63.75 -3.05389 -2.2469 5.99532 10.5453
-62.9 -3.05389 -2.24678 5.99405 10.5382
-62.05 -3.05389 -2.24665 5.99281 10.5311
-61.2 -3.0539 -2.24653 5.99161 10.524
-60.35 -3.05391 -2.2464 5.99045 10.517
-59.5 -3.05392 -2.24628 5.98933 10.51
-58.65 -3.05394 -2.24615 5.98825 10.5031
-57.8 -3.05396 -2.24603 5.98721 10.4962
-56.95 -3.05399 -2.2459 5.98621 10.4894
-56.1 -3.05401 -2.24578 5.98525 10.4826
-55.25 -3.05405 -2.24565 5.98433 10.4759
-54.4 -3.05408 -2.24553 5.98345 10.4692
-53.55 -3.05412 -2.24541 5.98261 10.4626
-52.7 -3.05417 -2.24528 5.98181 10.456
-51.85 -3.05422 -2.24516 5.98105 10.4494
-51 -3.05427 -2.24504 5.98033 10.4429
-50.15 -3.05432 -2.24491 5.97965 10.4364
-49.3 -3.05439 -2.24479 5.97901 10.43
-48.45 -3.05445 -2.24467 5.97841 10.4236
-47.6 -3.05452 -2.24454 5.97785 10.4173
-46.75 -3.0546 -2.24442 5.97733 10.411
-45.9 -3.05468 -2.2443 5.97685 10.4048
-45.05 -3.05476 -2.24418 5.97641 10.3986
-44.2 -3.05485 -2.24406 5.97601 10.3925
-43.35 -3.05494 -2.24394 5.97565 10.3864
-42.5 -3.05504 -2.24382 5.97533 10.3804
-41.65 -3.05515 -2.2437 5.97504 10.3744
-40.8 -3.05525 -2.24358 5.9748 10.3684
-39.95 -3.05537 -2.24346 5.9746 10.3625
-39.1 -3.05549 -2.24335 5.97444 10.3567
-38.25 -3.05561 -2.24323 5.97432 10.3509
-37.4 -3.05574 -2.24311 5.97424 10.3451
-36.55 -3.05588 -2.243 5.9742 10.3394
-35.7 -3.05602 -2.24288 5.9742 10.3337
-34.85 -3.05616 -2.24276 5.97424 10.3281
-34 -3.05631 -2.24265 5.97432 10.3225
-33.15 -3.05647 -2.24254 5.97444 10.317
-32.3 -3.05663 -2.24242 5.9746 10.3115
-31.45 -3.0568 -2.24231 5.9748 10.3061
-30.6 -3.05698 -2.2422 5.97504 10.3007
-29.75 -3.05716 -2.24209 5.97532 10.2954
-28.9 -3.05734 -2.24198 5.97564 10.2901
-28.05 -3.05754 -2.24187 5.976 10.2849
-27.2 -3.05773 -2.24176 5.9764 10.2797
-26.35 -3.05794 -2.24165 5.97684 10.2746
-25.5 -3.05815 -2.24155 5.97732 10.2695
-24.65 -3.05836 -2.24144 5.97784 10.2644
-23.8 -3.05859 -2.24133 5.9784 10.2594
-22.95 -3.05882 -2.24123 5.979 10.2545
-22.1 -3.05905 -2.24113 5.97965 10.2496
-21.25 -3.05929 -2.24102 5.98033 10.2448
-20.4 -3.05954 -2.24092 5.98105 10.24
-19.55 -3.05979 -2.24082 5.98181 10.2352
-18.7 -3.06005 -2.24072 5.98261 10.2305
-17.85 -3.06032 -2.24062 5.98345 10.2259
-17 -3.0606 -2.24052 5.98432 10.2213
-16.15 -3.06088 -2.24043 5.98524 10.2167
-15.3 -3.06116 -2.24033 5.9862 10.2122
-14.45 -3.06145 -2.24024 5.9872 10.2078
-13.6 -3.06175 -2.24014 5.98824 10.2034
-12.75 -3.06206 -2.24005 5.98932 10.199
-11.9 -3.06237 -2.23996 5.99044 10.1947
-11.05 -3.06269 -2.23987 5.9916 10.1904
-10.2 -3.06302 -2.23978 5.9928 10.1862
-9.35 -3.06335 -2.23969 5.99403 10.1821
-8.5 -3.06369 -2.2396 5.99531 10.178
-7.65 -3.06404 -2.23952 5.99663 10.1739
-6.8 -3.06439 -2.23943 5.99798 10.1699
-5.95 -3.06475 -2.23935 5.99938 10.166
-5.1 -3.06511 -2.23926 6.00082 10.162
-4.25 -3.06549 -2.23918 6.00229 10.1582
-3.4 -3.06586 -2.2391 6.00381 10.1544
-2.55 -3.06625 -2.23902 6.00536 10.1506
-1.7 -3.06664 -2.23895 6.00695 10.1469
-0.85 -3.06704 -2.23887 6.00859 10.1433
0 -3.06744 -2.2388 6.01026 10.1397
0.85 -3.06785 -2.23872 6.01197 10.1361
1.7 -3.06827 -2.23865 6.01372 10.1326
2.55 -3.06869 -2.23858 6.01551 10.1291
3.4 -3.06912 -2.23851 6.01734 10.1257
4.25 -3.06956 -2.23844 6.01921 10.1224
5.1 -3.07 -2.23838 6.02112 10.1191
5.95 -3.07045 -2.23831 6.02307 10.1158
6.8 -3.0709 -2.23825 6.02505 10.1126
7.65 -3.07136 -2.23818 6.02708 10.1095
8.5 -3.07183 -2.23812 6.02914 10.1064
9.35 -3.0723 -2.23806 6.03125 10.1033
10.2 -3.07278 -2.238 6.03339 10.1003
11.05 -3.07326 -2.23795 6.03557 10.0974
11.9 -3.07375 -2.23789 6.03779 10.0945
12.75 -3.07424 -2.23784 6.04005 10.0917
13.6 -3.07474 -2.23779 6.04235 10.0889
14.45 -3.07524 -2.23774 6.04468 10.0861
15.3 -3.07575 -2.23769 6.04706 10.0834
16.15 -3.07627 -2.23764 6.04947 10.0808
17 -3.07678 -2.23759 6.05192 10.0782
17.85 -3.07731 -2.23755 6.05441 10.0757
18.7 -3.07783 -2.23751 6.05694 10.0732
19.55 -3.07837 -2.23746 6.05951 10.0707
20.4 -3.0789 -2.23743 6.06212 10.0684
21.25 -3.07944 -2.23739 6.06476 10.066
22.1 -3.07999 -2.23735 6.06744 10.0637
22.95 -3.08054 -2.23732 6.07016 10.0615
23.8 -3.08109 -2.23728 6.07292 10.0593
24.65 -3.08164 -2.23725 6.07572 10.0572
25.5 -3.0822 -2.23722 6.07856 10.0551
26.35 -3.08276 -2.23719 6.08143 10.0531
27.2 -3.08333 -2.23717 6.08434 10.0512
28.05 -3.0839 -2.23714 6.08729 10.0492
28.9 -3.08447 -2.23712 6.09028 10.0474
29.75 -3.08504 -2.2371 6.0933 10.0456
30.6 -3.08561 -2.23708 6.09636 10.0438
31.45 -3.08619 -2.23706 6.09946 10.0421
32.3 -3.08677 -2.23704 6.1026 10.0404
33.15 -3.08735 -2.23703 6.10578 10.0388
34 -3.08793 -2.23701 6.10899 10.0373
34.85 -3.08852 -2.237 6.11224 10.0357
35.7 -3.0891 -2.23699 6.11553 10.0343
36.55 -3.08969 -2.23698 6.11886 10.0329
37.4 -3.09028 -2.23698 6.12222 10.0315
38.25 -3.09086 -2.23697 6.12562 10.0303
39.1 -3.09145 -2.23697 6.12905 10.029
39.95 -3.09204 -2.23697 6.13253 10.0278
40.8 -3.09263 -2.23697 6.13604 10.0267
41.65 -3.09321 -2.23697 6.13959 10.0256
42.5 -3.0938 -2.23698 6.14317 10.0246
43.35 -3.09439 -2.23698 6.14679 10.0236
44.2 -3.09497 -2.23699 6.15045 10.0226
45.05 -3.09556 -2.237 6.15415 10.0218
45.9 -3.09614 -2.23701 6.15788 10.0209
46.75 -3.09672 -2.23702 6.16165 10.0202
47.6 -3.0973 -2.23704 6.16545 10.0194
48.45 -3.09788 -2.23705 6.1693 10.0188
49.3 -3.09845 -2.23707 6.17317 10.0181
50.15 -3.09903 -2.23709 6.17709 10.0176
51 -3.0996 -2.23711 6.18104 10.0171
51.85 -3.10017 -2.23714 6.18503 10.0166
52.7 -3.10073 -2.23716 6.18905 10.0162
53.55 -3.10129 -2.23719 6.19311 10.0158
54.4 -3.10185 -2.23722 6.1972 10.0155
55.25 -3.1024 -2.23725 6.20133 10.0153
56.1 -3.10296 -2.23728 6.2055 10.0151
56.95 -3.1035 -2.23732 6.2097 10.0149
57.8 -3.10404 -2.23735 6.21394 10.0148
58.65 -3.10458 -2.23739 6.21821 10.0148
59.5 -3.10511 -2.23743 6.22252 10.0148
60.35 -3.10564 -2.23747 6.22687 10.0149
61.2 -3.10617 -2.23752 6.23125 10.015
62.05 -3.10669 -2.23756 6.23566 10.0151
62.9 -3.1072 -2.23761 6.24011 10.0154
63.75 -3.10771 -2.23766 6.2446 10.0156
64.6 -3.10821 -2.23771 6.24912 10.016
65.45 -3.1087 -2.23776 6.25367 10.0163
66.3 -3.10919 -2.23781 6.25826 10.0168
67.15 -3.10968 -2.23787 6.26289 10.0172
68 -3.11015 -2.23793 6.26755 10.0178
68.85 -3.11062 -2.23799 6.27224 10.0184
69.7 -3.11109 -2.23805 6.27697 10.019
70.55 -3.11155 -2.23811 6.28174 10.0197
71.4 -3.112 -2.23818 6.28654 10.0204
72.25 -3.11244 -2.23824 6.29137 10.0212
73.1 -3.11288 -2.23831 6.29624 10.0221
73.95 -3.1133 -2.23838 6.30114 10.023
74.8 -3.11373 -2.23845 6.30607 10.0239
75.65 -3.11414 -2.23853 6.31104 10.0249
76.5 -3.11454 -2.2386 6.31605 10.026
77.35 -3.11494 -2.23868 6.32108 10.0271
78.2 -3.11533 -2.23876 6.32615 10.0282
79.05 -3.11572 -2.23884 6.33126 10.0294
79.9 -3.11609 -2.23892 6.3364 10.0307
80.75 -3.11646 -2.23901 6.34157 10.032
81.6 -3.11681 -2.23909 6.34678 10.0334
82.45 -3.11716 -2.23918 6.35202 10.0348
83.3 -3.1175 -2.23927 6.35729 10.0363
84.15 -3.11784 -2.23936 6.36259 10.0378
