2	14	1
11	15	1
20	16	1
26	17	1
37	18	1
45	19	1
57	20	1
68	21	1
73	22	1
85	23	1
89	24	1
95	25	1
103	26	1
111	27	1
119	28	1
126	29	0.7
141	30	0.6
160	31	1
168	32	1
178	33	1
187	34	0.4
208	35	1
216	36	1
223	37	1
229	38	1
234	39	1
239	40	1
250	41	1
261	42	1
267	43	1
274	44	1
279	45	1
290	46	1
298	47	1
307	48	1
315	49	1
326	50	1
335	51	1
343	52	1
351	53	1
362	54	1
366	55	1
374	56	1
380	57	1
389	58	1
393	59	1
402	60	1
409	61	1
415	62	1
424	63	1
431	64	1
445	65	1
455	66	1
459	67	1
463	68	1
471	69	1
476	70	1
483	71	1
491	72	1
502	73	1
511	74	1
517	75	1
524	76	1
528	77	1
536	78	1
545	79	1
552	80	1
566	81	1
570	82	1
577	83	1
584	84	1
598	85	1
607	86	1
615	87	0.5
628	88	1
637	89	1
644	90	0.4
659	91	0.7
672	92	1
680	93	1
686	94	1
694	95	1
702	96	0.5
717	97	1
726	98	1
735	99	1
739	100	1
746	101	1
755	102	1
761	103	1
765	104	1
773	105	1
785	106	1
792	107	1
799	108	1
807	109	1
816	110	1
823	111	1
832	112	1
839	113	1
844	114	1
851	115	1
860	116	1
874	117	1
878	118	1
887	119	1
896	120	0.7
909	121	1
916	122	1
922	123	1
933	124	1
939	125	1
951	126	1
959	127	1
967	128	1
974	129	1
982	130	1
994	131	1
1003	132	0.5
1012	133	1
1017	134	1
1024	135	1
1031	136	1
1037	137	1
1044	138	1
1053	139	1
1065	140	1
1074	141	0.5
1089	142	1
1097	143	1
1105	144	1
1111	145	1
1119	146	1
1123	147	1
1128	148	1
1137	149	1
1146	150	1
1154	151	1
1158	152	1
1166	153	1
1173	154	1
1181	155	0.5
1196	156	1
1208	157	1
1217	158	1
1226	159	1
1235	160	1
1243	161	1
1252	162	1
1257	163	1
1265	164	1
1274	165	1
1281	166	1
1289	167	1
1297	168	1
1309	169	1
1316	170	1
1320	171	1
1329	172	1
1336	173	1
1342	174	0.5
1357	175	1
1366	176	1
1374	177	1
1383	178	1
1391	179	1
1399	180	1
1407	181	1
1416	182	0.5

