0 36.3409 32.82
1 29.523 27.29
2 18.66 19.7
3 12.8916 12.66
4 10.0483 8.46
5 8.27657 6.45
6 7.20178 4.86
7 6.42719 5.2
8 6.21715 6.32
9 5.97912 7.2
10 6.23829 6.34
11 6.20801 5.65
12 6.4056 5.87
13 7.69822 6.06
14 9.06004 7.92
15 10.4107 9.95
16 8.34509 8.44
17 8.19317 7.62
18 10.2048 8.51
19 10.8293 12.18
20 10.1096 12.8
21 10.2409 11.33
22 13.5783 10.65
23 15.8346 11.02
24 10.8547 9.08
25 11.1005 8.68
26 10.116 8.63
27 10.3132 9
28 10.2789 9.57
29 9.13733 9.34
30 9.45525 8.16
31 9.44639 9.33
32 9.35751 8.65
33 12.7846 9.87
34 13.3226 8.95
35 9.6987 8.13
36 9.12261 9.82
37 7.74295 7.31
38 8.30861 6.44
39 8.14086 6.07
40 9.6076 7.64
41 11.0112 8.78
42 12.4049 9.32
43 18.1188 11.29
44 16.5685 13.23
45 15.1733 13.66
46 12.5448 13.18
47 9.64705 13.48
48 11.3097 15.49
49 9.51252 13.9
50 8.87418 10.93
51 9.73222 10.37
52 10.4425 8.22
53 8.85587 6.8
54 7.35293 7.55
55 6.74952 5.85
56 7.22885 5.63
57 7.73559 6.04
58 10.2847 8.1
59 13.0802 8.86
60 15.1373 10.72
61 21.9118 12.64
62 20.2304 12.86
63 13.3772 11.88
64 10.1042 9.66
65 8.23408 8.32
66 8.20484 6.7
67 7.25532 5.98
68 7.63701 6.32
69 8.17488 6.81
70 9.03986 6.71
71 11.047 10.67
72 12.0391 14.96
73 15.2908 16.81
74 15.3357 18.44
75 20.7211 20.24
76 13.7928 19.2
77 12.6463 17.62
78 15.0689 15.45
79 12.5883 13.67
80 9.79273 12.6
81 10.5562 14.58
82 10.7646 15.15
83 8.85257 12.57
84 8.23475 12.75
85 10.1622 12.01
86 11.7016 11.38
87 21.1395 13.85
88 18.2657 13.82
89 15.0073 10.28
90 11.8114 8.3
91 9.38776 6.96
92 9.97813 6.08
93 9.47622 5.25
94 9.32636 5.5
95 9.22289 7.62
96 9.49622 8.45
97 10.7107 10.06
98 9.733 11.18
99 11.9941 13.08
100 11.6922 16.5
101 15.6528 22.57
102 22.526 24.28
103 18.663 23.66
104 19.6672 22.66
105 15.3766 20.64
106 12.341 16.42
107 11.3999 11.94
108 8.9945 8.92
109 8.4489 7.1
110 7.40105 5.76
111 7.47633 5.46
112 8.08346 5.33
113 9.59438 8.47
114 12.4805 7.75
115 14.5636 8.45
116 13.2059 9.07
117 14.2844 12.73
118 11.3396 11.44
119 11.8521 9.35
120 10.2265 9.4
121 8.96614 7.11
122 9.24245 6.79
123 10.7029 6.68
124 10.6086 7.09
125 8.11595 6.4
126 8.11948 6.08
127 9.47062 7.44
128 8.1146 7.66
129 7.19678 5.67
130 8.17057 7.38
131 9.11843 8.91
132 8.08412 6.41
133 7.9729 7.28
134 10.4998 8.49
135 10.8182 8.9
136 9.58996 10.34
137 11.0424 11.11
138 9.38445 9.75
139 12.7873 10.42
140 14.7465 13.49
141 14.9657 13.31
142 10.4103 9.52
143 10.491 9.45
144 13.8451 11.18
145 10.8996 11.5
146 8.9502 7.72
147 11.2556 7.89
148 13.3634 8.4
149 10.7388 9.44
150 13.1418 9.75
151 11.622 8.93
152 13.7005 9.51
153 18.7734 13.34
154 15.7195 10.99
155 18.8666 10.76
156 21.9265 14.5
157 23.6491 21.1
158 15.4904 23.66
159 15.3164 24.39
160 20.3233 26.3
161 15.6704 29.04
162 12.1873 29.71
163 15.4727 32.6
164 19.7444 34.16
165 13.2953 36.08
166 12.8787 38.9
167 21.9592 41.54
168 28.0923 41.81
