0 5.19001
1 2.49425
2 4.24444
3 6.77904
4 4.45982
5 3.58076
6 7.11921
7 9.58561
8 7.80913
9 7.96839
10 13.209
11 15.8078
12 14.4812
13 16.3379
14 23.3728
15 24.9611
16 23.9069
17 24.5198
18 20.7982
19 26.3863
20 27.0886
21 22.7328
22 19.399
23 12.5962
24 9.84675
25 6.3222
26 3.03129
27 1.73555
28 1.03997
29 1.40546
30 1.95514
31 4.76142
32 7.87852
33 11.7919
34 18.3168
35 21.0844
36 30.2033
37 31.0014
38 29.4482
39 21.2539
40 14.6166
41 9.69478
42 5.21233
43 5.04454
44 3.19052
45 3.89716
46 4.6708
47 5.60769
48 6.90351
49 11.0091
50 14.2294
51 16.8792
52 21.7794
53 17.2177
54 11.4575
55 10.4633
56 8.45511
57 8.00902
58 8.48556
59 5.21307
60 6.58935
61 11.8011
62 12.7593
63 16.1934
64 15.0265
65 17.5989
66 17.9384
67 19.2837
68 20.573
69 16.6914
70 23.0103
71 19.9978
72 13.2268
73 11.9937
74 8.77053
75 5.46596
76 6.76775
77 4.92395
78 4.6877
79 2.83215
80 1.51403
81 0.734491
82 1.63125
83 1.13061
84 0.826867
85 1.68924
86 2.98889
87 5.5234
88 9.27075
89 14.2082
