6 0.0193872
7 0.0202045
8 0.017643
9 0.0152642
10 0.0143161
11 0.0133903
12 0.0132023
13 0.0131987
14 0.0132043
15 0.0129241
16 0.0129332
17 0.012706
18 0.0126742
19 0.0124915
20 0.012527
21 0.0123174
22 0.0123376
23 0.0123985
24 0.0122415
25 0.0122063
26 0.0122041
27 0.0121488
28 0.0121691
29 0.0121234
30 0.012129
31 0.0120707
32 0.0120204
33 0.0120023
34 0.0119717
35 0.0119477
36 0.0119638
37 0.0119259
38 0.0119021
39 0.0118777
40 0.0118647
41 0.011839
42 0.0118448
43 0.0118302
44 0.0118008
45 0.0117971
46 0.0117942
47 0.0117882
48 0.0117298
49 0.0117429
50 0.0117546
51 0.0116965
52 0.0117001
53 0.011713
54 0.011682
55 0.0116721
56 0.0116146
57 0.0116497
58 0.0116024
59 0.011606
60 0.0116269
61 0.0115987
62 0.0115838
63 0.0115864
64 0.0115835
65 0.0115768
66 0.0115752
67 0.0115761
68 0.0115358
69 0.0115469
70 0.011545
71 0.0115303
72 0.0115392
73 0.0115078
74 0.0115241
75 0.0115
76 0.0115017
77 0.0115011
78 0.011465
79 0.0114697
80 0.0114845
81 0.0114883
82 0.0114651
83 0.0114736
84 0.0114653
85 0.0114203
86 0.0114346
87 0.0114442
88 0.0114078
89 0.011448
90 0.0114462
91 0.0114423
92 0.011439
93 0.0114273
94 0.0114338
95 0.0114205
96 0.0114094
97 0.01142
98 0.0114122
99 0.0114073
100 0.0113956
101 0.0113849
102 0.0113958
103 0.0113934
104 0.0113851
105 0.0113868
106 0.0113782
107 0.0113832
108 0.0113754
109 0.0113454
110 0.0113617
111 0.0113711
112 0.0113555
113 0.0113617
114 0.0113498
115 0.0113596
116 0.011356
117 0.0113549
118 0.0113515
119 0.011347
120 0.0113512
121 0.0113534
122 0.0113392
123 0.0113378
124 0.0113378
125 0.0113321
126 0.0113331
127 0.0113293
128 0.0113314
129 0.0113257
130 0.0113213
131 0.0113258
132 0.0113255
133 0.0113202
134 0.0113201
135 0.0113079
136 0.0113186
137 0.0113084
138 0.0112989
139 0.01131
140 0.011304
141 0.0113064
142 0.0113054
143 0.0112987
144 0.0112983
145 0.0113051
146 0.0113008
147 0.0113016
148 0.0112905
149 0.0113009
150 0.0112958
151 0.0112933
152 0.0112881
153 0.0112903
154 0.0112859
155 0.011282
156 0.0112842
157 0.011281
158 0.0112786
159 0.0112776
160 0.0112694
161 0.0112707
162 0.0112649
163 0.0112699
164 0.0112558
165 0.0112697
166 0.0112668
167 0.0112606
168 0.0112598
169 0.0112538
170 0.0112587
171 0.0112444
172 0.0112529
173 0.0112348
174 0.011249
175 0.0112438
176 0.0112433
177 0.0112411
178 0.0112449
179 0.0112452
180 0.0112383
181 0.011236
182 0.0112428
183 0.0112332
184 0.0112408
185 0.0112308
186 0.0112383
187 0.0112328
188 0.0112331
189 0.011228
190 0.0112294
191 0.0112256
192 0.011224
193 0.0112222
194 0.01122
195 0.0112195
196 0.0112189
197 0.0112183
198 0.0112189
199 0.0112148
200 0.0112125
201 0.0112138
202 0.0112013
203 0.0112086
204 0.0112066
205 0.0112028
206 0.0112091
207 0.0112052
208 0.0112078
209 0.011205
210 0.0112006
211 0.0112034
212 0.0112013
213 0.0112032
214 0.0111939
215 0.0112024
216 0.0111958
217 0.0111959
218 0.0111983
219 0.011197
220 0.0111952
221 0.0111947
222 0.0111919
223 0.011193
224 0.0111907
225 0.011185
226 0.0111873
227 0.0111888
228 0.0111893
229 0.0111849
230 0.0111855
231 0.0111865
232 0.0111843
233 0.0111814
234 0.0111804
235 0.0111822
236 0.0111819
237 0.0111781
238 0.0111775
239 0.0111802
240 0.0111756
241 0.0111782
242 0.0111786
243 0.0111766
244 0.0111741
245 0.0111736
246 0.011173
247 0.0111751
248 0.011173
249 0.0111732
250 0.0111688
251 0.0111685
252 0.0111678
253 0.0111673
254 0.0111655
255 0.0111679
256 0.0111606
257 0.0111626
258 0.0111605
259 0.0111569
260 0.0111592
261 0.0111544
262 0.0111555
263 0.0111559
264 0.0111542
265 0.011151
266 0.0111492
267 0.0111511
268 0.0111488
269 0.0111396
