0 27.2229
1 16.5867
2 12.0036
3 12.541
4 15.4421
5 10.5947
6 9.51618
7 11.5311
8 11.7121
9 9.64771
10 9.86645
11 13.3962
12 11.7833
13 10.6253
14 13.2691
15 17.4467
16 14.9697
17 12.4617
18 11.6005
19 16.3028
20 13.6741
21 14.444
22 14.0597
23 10.3072
24 11.6268
25 9.58036
26 11.3988
27 11.1861
28 10.3846
29 8.61751
30 7.57739
31 6.77348
32 6.6565
33 6.81338
34 7.16114
35 8.57352
36 15.572
37 13.9656
38 10.8975
39 9.40605
40 7.14578
41 6.94451
42 7.02573
43 7.18742
44 8.07446
45 8.90937
46 11.3502
47 14.1568
48 12.793
49 17.5016
50 19.7425
51 13.9167
52 13.241
53 12.7253
54 9.93616
55 10.5081
56 9.16321
57 9.14018
58 7.72584
59 8.37642
60 8.78873
61 10.1063
62 11.9307
63 12.7003
64 11.3797
65 10.4173
66 10.2958
67 9.49126
68 10.1473
69 9.35093
70 10.1906
71 8.18671
72 7.63234
73 7.56654
74 7.85206
75 7.59945
76 8.72952
77 10.3923
78 11.6551
79 8.90705
80 8.78655
81 10.0854
82 15.8484
83 12.7154
84 11.6678
85 12.1128
86 9.96926
87 11.6045
88 15.486
89 39.2341
