6 0.0355985
7 0.331519
8 0.46681
9 0.411711
10 0.238275
11 0.106264
12 0.191318
13 0.220142
14 0.289365
15 0.184516
16 0.224568
17 0.161019
18 0.220804
19 0.154851
20 0.277309
21 0.131072
22 0.180546
23 0.301635
24 0.23739
25 0.233016
26 0.301132
27 0.265158
28 0.364756
29 0.293465
30 0.347717
31 0.374714
32 0.325553
33 0.30005
34 0.294563
35 0.308
36 0.413201
37 0.31665
38 0.394551
39 0.36272
40 0.387126
41 0.323077
42 0.411703
43 0.375307
44 0.342543
45 0.355116
46 0.373644
47 0.45663
48 0.260583
49 0.392032
50 0.533873
51 0.283056
52 0.319218
53 0.446855
54 0.364551
55 0.370121
56 0.261311
57 0.482574
58 0.272266
59 0.318539
60 0.503343
61 0.344208
62 0.300332
63 0.336161
64 0.338501
65 0.318544
66 0.418426
67 0.476036
68 0.27696
69 0.364871
70 0.45306
71 0.367691
72 0.475028
73 0.305442
74 0.486822
75 0.335845
76 0.416363
77 0.459254
78 0.215539
79 0.274648
80 0.407278
81 0.510095
82 0.356931
83 0.47779
84 0.484409
85 0.158662
86 0.273569
87 0.371705
88 0.144199
89 0.490981
90 0.481721
91 0.505306
92 0.500901
93 0.422417
94 0.537153
95 0.416446
96 0.318888
97 0.512295
98 0.428656
99 0.467573
100 0.386306
101 0.298315
102 0.471286
103 0.450278
104 0.427465
105 0.460139
106 0.375897
107 0.520989
108 0.463891
109 0.164672
110 0.316588
111 0.487733
112 0.300869
113 0.431842
114 0.311905
115 0.483505
116 0.459496
117 0.534822
118 0.473585
119 0.420038
120 0.523956
121 0.618148
122 0.386515
123 0.420937
124 0.452821
125 0.39155
126 0.478158
127 0.420164
128 0.484146
129 0.397688
130 0.40251
131 0.519053
132 0.556303
133 0.44023
134 0.481181
135 0.29263
136 0.534299
137 0.337137
138 0.238927
139 0.460393
140 0.378212
141 0.439935
142 0.444775
143 0.339945
144 0.351143
145 0.533575
146 0.468496
147 0.503003
148 0.32094
149 0.598727
150 0.489364
151 0.453479
152 0.391411
153 0.465615
154 0.38786
155 0.344202
156 0.432404
157 0.438998
158 0.397216
159 0.40617
160 0.272222
161 0.315104
162 0.27544
163 0.39353
164 0.188846
165 0.478784
166 0.436245
167 0.352697
168 0.370939
169 0.30328
170 0.461056
171 0.206636
172 0.407332
173 0.120739
174 0.363762
175 0.285888
176 0.299279
177 0.26643
178 0.408243
179 0.459948
180 0.287285
181 0.256861
182 0.504871
183 0.260454
184 0.504499
185 0.268264
186 0.543958
187 0.434683
188 0.498811
189 0.356562
190 0.481981
191 0.441665
192 0.438239
193 0.39027
194 0.350864
195 0.354026
196 0.387863
197 0.428295
198 0.480486
199 0.351447
200 0.355884
201 0.441773
202 0.144202
203 0.33053
204 0.285268
205 0.219887
206 0.465378
207 0.353945
208 0.525545
209 0.408478
210 0.273855
211 0.396363
212 0.333246
213 0.429564
214 0.171843
215 0.550505
216 0.262777
217 0.287268
218 0.429421
219 0.43642
220 0.401164
221 0.426421
222 0.321333
223 0.498173
224 0.385302
225 0.21008
226 0.303302
227 0.442112
228 0.503434
229 0.34913
230 0.414817
231 0.509526
232 0.418372
233 0.274732
234 0.260053
235 0.377269
236 0.404049
237 0.259281
238 0.249506
239 0.403826
240 0.228281
241 0.35909
242 0.428367
243 0.341029
244 0.284671
245 0.290531
246 0.283701
247 0.422981
248 0.340223
249 0.407792
250 0.232087
251 0.238382
252 0.29932
253 0.280822
254 0.227528
255 0.37367
256 0.120319
257 0.202472
258 0.25897
259 0.125044
260 0.241393
261 0.0953732
262 0.185865
263 0.232035
264 0.203843
265 0.107823
266 0.079227
267 0.160242
268 0.0989272
269 0.0343572
