-4.71854e-06
-1.68785e-06
 4.30327e-08
 2.63255e-06
 3.79828e-06
 5.71739e-06
     0.79636
     1.13404
     1.42323
     1.73628
     2.05672
     2.50641
     2.55241
     2.94769
     3.05362
      3.1813
     3.40584
     3.49719
     3.59448
     3.72275
     3.76966
     3.87179
       4.026
     4.06475
     4.24717
       4.456
     4.54804
     4.69914
     4.87414
     4.99051
     5.00447
     5.16588
      5.3683
     5.47047
     5.62813
     5.74765
     6.09757
     6.19053
     6.21066
     6.27547
     6.54569
     6.62557
     6.68785
     6.84689
     6.95784
     7.04854
     7.23015
     7.33818
     7.39547
     7.46657
     7.71404
     7.75219
     7.87457
     7.92568
     7.96096
     8.11172
      8.2476
     8.31976
     8.49218
     8.52512
     8.60171
     8.69481
     8.73765
     8.82333
     8.99025
     9.06292
     9.08722
     9.17154
     9.18552
     9.34457
     9.46155
     9.60385
     9.70689
     9.71612
     9.89295
     9.91148
     10.0006
     10.0618
     10.0776
     10.1153
     10.1888
     10.3469
     10.4305
     10.5005
     10.5561
     10.6813
     10.7238
     10.7606
     10.8801
     10.9628
     11.0421
     11.1647
     11.2057
     11.2909
      11.369
     11.4009
     11.4809
     11.5251
     11.6181
     11.7496
     11.7808
      11.822
     11.8807
       12.01
     12.0487
     12.0916
     12.2159
     12.2203
     12.2411
     12.3753
      12.391
     12.4781
     12.4991
     12.5444
     12.6549
     12.6593
     12.7217
     12.8139
     12.9075
     12.9533
     13.0041
      13.133
     13.2176
     13.2255
     13.2779
     13.4138
     13.4389
     13.5193
     13.6452
     13.7496
     13.9288
     14.0073
     14.0442
     14.1046
     14.2239
     14.2515
     14.3619
     14.4355
     14.5146
     14.6177
     14.8595
     14.9148
     14.9902
      15.202
     15.3913
     15.4723
     15.5816
     15.6062
     15.7518
     15.7687
     15.9332
      16.032
     16.1483
     16.3149
     16.4449
      16.505
     16.7014
     16.9426
     17.0484
     17.2774
     17.3335
     17.6014
     17.6529
     17.9858
     18.3402
     18.4522
     18.7454
     19.0983
     19.2913
      19.466
     19.7039
     20.1567
     20.4068
     20.6457
     20.8606
     21.1236
     21.3091
     21.6283
     21.7938
     22.1514
     22.3941
     22.5636
     22.7093
     22.8446
     23.0771
     23.1658
      23.372
     23.4472
     24.0824
     24.3021
     24.4938
     24.5788
     24.6724
     24.9492
     25.0534
     25.2229
     25.4922
     25.6786
     25.7584
     25.8427
     26.0686
     26.1646
     26.3078
       26.57
     26.7555
     26.8946
     27.2032
     27.3872
     27.6875
     27.7193
      28.363
      28.492
     28.6059
     28.7953
     29.0633
     29.1046
     29.6208
     29.8061
     30.0004
     30.1114
     30.2168
     30.3532
     30.6501
     30.8211
     30.8566
      31.013
     31.1938
     31.3344
     31.7869
     31.9336
     31.9872
     32.1271
     32.4592
     32.5304
     32.5894
     32.7531
     32.9035
     32.9796
     33.3406
      33.453
     33.6638
     34.0315
     34.5068
     34.7662
     35.2848
     35.5738
     35.7741
     36.0915
     36.4033
     36.6666
     37.0999
     37.2161
     37.6718
     38.0872
     38.1204
     38.6363
     38.7265
      39.072
     39.5781
     40.0029
     40.9861
     41.3932
     41.6904
     43.1726
     43.6864
     45.2772
     45.5354
     46.4208
     47.5171
     50.0784
