6 0.0390668
7 0.438899
8 0.553689
9 0.433949
10 0.245379
11 0.189408
12 0.328145
13 0.175844
14 0.377081
15 0.330174
16 0.328223
17 0.341992
18 0.165327
19 0.310771
20 0.167129
21 0.286476
22 0.243582
23 0.404163
24 0.139383
25 0.403961
26 0.47133
27 0.1362
28 0.194139
29 0.417889
30 0.462113
31 0.458398
32 0.279091
33 0.484108
34 0.466549
35 0.457856
36 0.203249
37 0.3728
38 0.476997
39 0.583666
40 0.347085
41 0.326081
42 0.581908
43 0.327039
44 0.250728
45 0.434612
46 0.426683
47 0.26484
48 0.571147
49 0.405102
50 0.461465
51 0.393507
52 0.457043
53 0.297467
54 0.573608
55 0.657768
56 0.380386
57 0.470871
58 0.55847
59 0.429976
60 0.514036
61 0.355592
62 0.417278
63 0.427854
64 0.431536
65 0.408586
66 0.387031
67 0.198678
68 0.337218
69 0.492885
70 0.356276
71 0.537102
72 0.464663
73 0.607778
74 0.428685
75 0.338092
76 0.369364
77 0.511273
78 0.436306
79 0.504669
80 0.342011
81 0.419855
82 0.526498
83 0.481151
84 0.533828
85 0.478855
86 0.515286
87 0.423955
88 0.267565
89 0.545813
90 0.559508
91 0.471618
92 0.493796
93 0.406212
94 0.445894
95 0.513482
96 0.560094
97 0.461532
98 0.507319
99 0.508234
100 0.508534
101 0.520494
102 0.573691
103 0.520907
104 0.442875
105 0.498
106 0.475443
107 0.473664
108 0.535266
109 0.36315
110 0.429921
111 0.60208
112 0.47996
113 0.40332
114 0.385105
115 0.492828
116 0.550352
117 0.42902
118 0.56267
119 0.504288
120 0.514755
121 0.426994
122 0.440561
123 0.422142
124 0.461051
125 0.495399
126 0.419972
127 0.376052
128 0.547992
129 0.425113
130 0.419186
131 0.383133
132 0.385473
133 0.364378
134 0.387432
135 0.347539
136 0.371769
137 0.32618
138 0.366969
139 0.565914
140 0.383556
141 0.399761
142 0.354903
143 0.301814
144 0.395029
145 0.487662
146 0.44777
147 0.348443
148 0.357566
149 0.264291
150 0.293751
151 0.339431
152 0.363181
153 0.366158
154 0.334762
155 0.449614
156 0.269455
157 0.252358
158 0.414787
159 0.346646
160 0.585457
161 0.37893
162 0.467694
163 0.285813
164 0.21822
165 0.397042
166 0.244692
167 0.317297
168 0.25994
169 0.257703
170 0.139161
171 0.301796
172 0.227854
173 0.158709
174 0.338299
175 0.474199
176 0.278888
177 0.177198
178 0.212661
179 0.321316
180 0.332345
181 0.46074
182 0.421995
183 0.344269
184 0.190208
185 0.34632
186 0.446119
187 0.382128
188 0.280837
189 0.345849
190 0.108175
191 0.37976
192 0.486927
193 0.3234
194 0.14888
195 0.406815
196 0.27513
197 0.269772
198 0.433459
199 0.223912
200 0.354298
201 0.409292
202 0.288645
203 0.594155
204 0.187407
205 0.190089
206 0.242531
207 0.225015
208 0.65293
209 0.4533
210 0.486746
211 0.245945
212 0.432975
213 0.503932
214 0.285247
215 0.268701
216 0.451422
217 0.517358
218 0.398673
219 0.320866
220 0.546148
221 0.423617
222 0.393768
223 0.276711
224 0.246664
225 0.146942
226 0.33891
227 0.433526
228 0.458212
229 0.273899
230 0.400347
231 0.301584
232 0.277679
233 0.329425
234 0.275935
235 0.352973
236 0.349372
237 0.433662
238 0.387911
239 0.249891
240 0.489936
241 0.341982
242 0.42784
243 0.147769
244 0.250908
245 0.38008
246 0.333944
247 0.259827
248 0.122663
249 0.278869
250 0.2146
251 0.22157
252 0.0835585
253 0.207458
254 0.139688
255 0.103759
256 0.209424
257 0.153331
258 0.131479
259 0.131512
260 0.0973188
261 0.0980027
262 0.165475
263 0.0492874
264 0.0850677
265 0.0575992
266 0.0584464
267 0.0547033
268 0.0357226
269 0.0402572
