0 40.3151
1 36.5547
2 28.2471
3 24.7893
4 23.9863
5 19.628
6 13.4644
7 11.9775
8 12.5975
9 8.65437
10 4.66193
11 4.90558
12 5.92507
13 2.32945
14 1.12574
15 3.80436
16 4.06277
17 1.36664
18 1.33485
19 3.85634
20 4.33459
21 5.00299
22 4.82311
23 1.83471
24 1.16406
25 0.261615
26 0.981386
27 2.83951
28 6.81491
29 5.53513
30 6.77551
31 3.4808
32 2.87015
33 2.95304
34 3.54674
35 8.59382
36 13.2065
37 12.4769
38 6.46476
39 5.40065
40 3.8089
41 7.40104
42 8.70845
43 7.83009
44 7.55949
45 4.28092
46 7.05952
47 4.55478
48 2.35246
49 5.68625
50 5.84022
51 4.902
52 7.8252
53 7.34006
54 4.00765
55 7.1921
56 7.40385
57 12.6967
58 13.8192
59 17.8557
60 22.4221
61 25.5486
62 27.4689
63 23.8296
64 17.4542
65 13.5294
66 10.6798
67 7.07832
68 5.13959
69 1.88845
70 2.71429
71 1.95827
72 0.493125
73 0.526964
74 2.84894
75 5.75172
76 9.66731
77 16.8017
78 19.1434
79 15.5643
80 17.1975
81 23.1656
82 30.5396
83 30.6107
84 30.895
85 31.9931
86 26.7173
87 32.3288
88 32.9368
89 45.6244
