0 34.4487
1 28.1002
2 24.2402
3 22.0701
4 16.3416
5 12.4919
6 10.8657
7 9.05356
8 5.16464
9 3.88667
10 4.13113
11 2.73657
12 1.10198
13 1.42687
14 3.56515
15 2.91713
16 3.35044
17 3.83665
18 3.00242
19 6.76465
20 7.64964
21 7.44475
22 6.86405
23 3.23677
24 3.33892
25 2.18306
26 5.27403
27 8.2171
28 13.196
29 9.5883
30 8.23462
31 3.66042
32 2.89981
33 4.38265
34 7.19805
35 13.5839
36 21.2473
37 23.7521
38 16.4841
39 12.1129
40 6.58049
41 8.59174
42 8.43153
43 8.74222
44 9.68447
45 6.58535
46 10.1467
47 6.05173
48 2.25942
49 2.08995
50 1.66273
51 2.57781
52 4.92242
53 4.07743
54 2.96118
55 6.87879
56 8.48752
57 14.8187
58 15.7834
59 19.6118
60 23.6505
61 28.9404
62 31.408
63 27.2481
64 19.2564
65 14.3346
66 9.56507
67 6.90697
68 4.80333
69 2.26655
70 4.85562
71 4.42039
72 1.60096
73 1.04676
74 2.22794
75 3.70629
76 4.85363
77 10.4832
78 9.12334
79 8.76487
80 12.926
81 20.8158
82 26.0722
83 21.7916
84 24.5937
85 30.1027
86 27.2349
87 32.8646
88 36.1498
89 50.5856
