0 39.7447
1 33.6326
2 26.9087
3 23.5055
4 18.8439
5 14.6008
6 10.4857
7 8.31692
8 5.69231
9 3.83579
10 2.09671
11 0.88644
12 0.666612
13 0.0860334
14 0.935496
15 1.46816
16 3.21602
17 2.72293
18 3.02011
19 8.45278
20 9.59688
21 11.5051
22 11.4565
23 6.36875
24 6.98442
25 3.9174
26 8.11802
27 9.75525
28 15.4472
29 12.5657
30 10.1206
31 4.18876
32 1.73924
33 1.50621
34 3.22902
35 8.636
36 15.5812
37 18.3322
38 11.4269
39 7.71138
40 3.27026
41 6.04337
42 7.49438
43 7.37284
44 9.21105
45 5.72173
46 8.22392
47 4.00734
48 1.3166
49 0.0851544
50 1.36324
51 3.27259
52 3.44596
53 1.06783
54 0.267975
55 2.96889
56 5.13711
57 11.6851
58 12.9846
59 18.8906
60 23.2765
61 26.8629
62 28.6894
63 22.6064
64 14.0187
65 8.7493
66 4.39654
67 2.75124
68 2.32777
69 1.54427
70 3.79465
71 1.70864
72 0.0952159
73 1.02504
74 4.16088
75 5.63291
76 8.35332
77 16.5742
78 14.4646
79 12.1994
80 17.6275
81 26.4142
82 34.9542
83 29.5692
84 30.8515
85 35.9691
86 30.0904
87 35.2656
88 36.5227
89 51.9582
