0 4.4711
1 2.64074
2 4.25129
3 3.54416
4 0.947516
5 0.831626
6 1.4761
7 0.98165
8 0.0872565
9 0.191629
10 0.263314
11 0.837933
12 0.869251
13 0.216569
14 0.86444
15 2.66369
16 2.27462
17 0.568344
18 1.38639
19 2.45641
20 2.72331
21 6.78194
22 8.22623
23 9.15778
24 14.4156
25 17.0504
26 25.117
27 30.7714
28 29.4052
29 21.3686
30 14.435
31 9.00295
32 5.01163
33 6.26527
34 4.95678
35 9.35813
36 12.8777
37 11.4966
38 6.33025
39 4.50751
40 2.8249
41 5.1055
42 6.76201
43 11.7378
44 17.7643
45 21.5122
46 30.5419
47 33.1644
48 28.8542
49 31.6916
50 24.4854
51 16.2416
52 14.7856
53 20.7177
54 20.123
55 24.9699
56 20.208
57 21.3973
58 15.3816
59 15.5748
60 12.5084
61 17.5047
62 24.7723
63 26.1501
64 25.998
65 22.1624
66 22.0264
67 14.4699
68 10.8369
69 8.80537
70 4.18964
71 4.61869
72 5.71441
73 4.29655
74 6.31078
75 5.85579
76 5.50909
77 8.54673
78 4.78701
79 3.53152
80 7.91202
81 11.3481
82 12.4987
83 6.75611
84 6.66238
85 12.064
86 14.1834
87 13.5808
88 19.9969
89 25.0659
