0 0.00847661 0.0897195	0.00419238 0.0320902 0.0653635 0.000288276
1 0.00261173 0.0299694 0.00160846 0.00408685 0.0102714 0.000414688
2 0.000898451 0.00435262 9.07408e-06 0.00110915 0.00116646 1.31022e-05
3 0.00275467 0.00405631 0.000650253 0.00595725 0.00304856 0.00132132
4 0.00383228 0.00374716 0.00232149 0.0079911 0.00909225 0.00402783
5 0.00104419 0.000250517 0.000446874 0.0018624 0.00188425 0.000521978
6 0.000582266 0.000386449 0.000225838 0.000848455 0.00123892 0.000221347
7 0.000636638 0.00142491 0.00166454 0.00410851 0.00232475 0.000916824
8 0.000766891 0.000693357 0.00204126 0.00496395 0.00176139 0.000996522
9 0.00027565 0.000775449 0.000444755 0.00114711 0.000400295 0.000286324
10 0.000205429 0.00207127 0.000821682 0.000326697 0.000430977 0.000192703
11 0.000198971 0.00459529 0.0033874 0.00221568 0.000876077 0.000490825
12 0.000152598 0.00430193 0.00238847 0.00207215 5.51938e-05 0.000163117
13 0.000117804 0.00242374 0.000613152 0.000301139 0.00015297 8.50734e-05
14 0.000585624 0.00626925 0.00323667 0.0029104 0.00292911 0.00761099
15 0.000503624 0.0123914 0.00532429 0.00601816 0.00883055 0.0243558
16 0.000607814 0.00719675 0.000558785 0.0031798 0.00702123 0.00594427
17 0.00092143 0.00187617 0.000351816 0.00307208 0.00176381 0.000391419
18 0.000725054 0.000211198 0.000977007 0.000859616 0.000316738 0.000226435
19 0.00256721 0.00110861 0.0150871 0.00027096 0.00184945 0.000422198
20 0.00299044 0.00682707 0.0198822 0.000247539 0.000309509 0.000719617
21 0.00276948 0.0107996 0.0203218 0.00386305 0.000482475 0.000405581
22 0.00227224 0.00726253 0.015606 0.00323275 0.000155827 6.94139e-05
23 0.000821924 0.00144016 0.00356116 0.000363004 9.51546e-06 5.41589e-05
24 0.00077692 0.00356762 0.00164682 0.000765609 0.000341537 0.000124288
25 0.000455464 0.00129298 0.000833119 0.000100107 0.000230801 0.000105704
26 0.00122824 0.00297758 0.00312515 3.69672e-05 0.000829218 0.000400692
27 0.00167325 0.00301856 0.00425677 8.14905e-05 0.000998843 0.000783818
28 0.000582171 0.00320865 0.00126697 0.00145621 0.000162979 0.000182099
29 0.000340143 0.00176849 0.000776997 0.00104601 1.22391e-05 0.000117276
30 7.59542e-05 0.000631519 0.000468579 0.000666157 0.00011049 7.72e-05
31 1.53589e-05 0.000422125 0.00036745 0.000366083 9.93331e-05 0.000131849
32 2.79501e-05 0.0004259 0.000323736 0.00031963 7.51405e-05 0.000129965
33 0.000116431 0.000277793 0.00023676 0.000349281 7.13999e-05 0.000132466
34 0.000336236 0.000448215 0.000203623 0.000538415 6.1168e-05 0.000124372
35 0.000549938 0.000888034 0.000548628 0.000638118 0.00026953 0.000245151
36 0.00115964 0.00388502 0.00399402 0.00601018 0.00203042 0.00138932
37 0.00186631 0.00147081 0.00231894 0.00744769 0.0013694 0.000365151
38 0.00140292 0.000940755 0.00122531 0.00499269 0.000534286 0.00014101
39 0.000655691 0.000661626 0.000768001 0.000863426 0.000567925 2.332e-05
40 0.000223088 0.000453732 0.000281634 0.000296552 9.19271e-05 4.20105e-05
41 9.26171e-05 0.00048077 0.000376197 0.000199697 0.0001381 6.05135e-05
42 9.6522e-05 0.000566387 0.000419483 0.000238732 0.000147487 5.30765e-05
43 0.000102599 0.000882353 0.000558889 0.000367844 7.53281e-05 5.96638e-05
44 9.38348e-05 0.00125283 0.000391405 0.000602554 4.76755e-05 8.40217e-05
45 0.000352091 0.0011766 0.000269976 0.000300206 0.000141991 0.000280304
46 0.00104787 0.00283779 0.00173577 0.000933965 0.000997216 0.000761334
47 0.00196417 0.00189495 0.00526071 0.00132639 0.00322873 0.00230029
48 0.00145098 0.000799875 0.00779928 0.00182639 0.00231457 0.00117986
49 0.00227532 0.00047935 0.0177242 0.0129304 0.00526043 0.00287672
50 0.000848971 0.00868869 0.0199512 0.0199826 0.0154984 0.0922007
51 4.36489e-05 0.00804248 0.00410175 0.00558492 0.00644231 0.00116766
52 0.000156456 0.00759527 0.00688057 0.00190314 0.00390811 9.63604e-05
53 0.000546655 0.00200213 0.00541553 0.0020538 3.74287e-05 0.000390896
54 0.000378165 3.13583e-05 0.00110032 0.000315912 0.000102212 0.000399676
55 0.000912191 0.000676706 0.000619081 0.000464355 0.000804076 0.000728639
56 0.000509232 0.001057 4.17054e-05 0.00025896 0.000454392 0.000300198
57 0.000492804 0.00219728 0.00059616 0.000276368 0.000439869 6.90674e-05
58 0.000262015 0.00122901 0.00117095 0.000252655 0.00018955 9.50396e-05
59 0.000118456 0.00107335 0.0016382 0.000320781 0.000108716 8.36777e-05
60 3.32044e-05 0.000418195 0.00194434 0.000205955 0.000306048 0.000336675
61 9.849e-05 0.00170572 0.00349816 0.000254074 0.000188062 0.00102744
62 0.000123058 0.00433295 0.00508172 0.000381735 0.000206745 0.000934747
63 0.00127771 0.00285213 0.00298263 0.00244501 0.00284231 0.000496547
64 0.0015828 0.00287116 0.000372876 0.00119168 0.00269366 0.000153793
65 0.00105562 0.00142133 0.00030832 0.00121221 0.00173972 9.70032e-05
66 0.00107735 0.00124149 0.0012516 0.000510286 0.000844342 0.000266832
67 0.000433466 0.00137934 0.00111356 5.00602e-05 0.000297292 0.000136851
68 0.000198736 0.00198341 0.00217801 0.000193734 0.000263787 0.00016503
69 8.64753e-05 0.00134153 0.000525045 0.000414679 0.000169911 0.00030913
70 0.000626229 0.00182351 0.00195009 0.000637632 0.000222611 0.000410372
71 0.000368795 0.000636547 0.000533977 0.000520178 6.45558e-05 0.000263815
72 5.51647e-05 3.08498e-05 0.00027921 0.000299801 2.51312e-05 0.000218828
73 8.07289e-05 0.000146705 0.000467498 0.000241422 8.24701e-05 0.000158837
74 8.54007e-05 0.000360267 0.000558794 0.000206568 0.000217074 0.000195158
75 1.52207e-05 0.000533638 0.000221194 0.000339866 0.000208986 0.000117172
76 6.62105e-05 0.00120952 0.000142517 0.000553919 0.000525446 0.000105175
77 0.000386276 0.00148377 0.00102614 0.00195122 0.00115119 1.20856e-05
78 0.000745084 0.00232441 0.00234281 0.00223488 0.000425184 6.25282e-05
79 0.000433602 0.000583762 0.000356781 0.000685181 0.000327602 8.86601e-05
80 0.00039133 0.000713529 0.000489898 0.000633379 0.00040376 5.61634e-05
81 0.000653199 0.00105555 0.00119944 0.00102381 0.000620612 0.000346982
82 0.0013842 0.00772603 0.00473313 0.00560355 0.00188096 0.00397627
83 0.00173471 0.00553323 0.0027746 0.00112442 0.000440602 0.00181045
84 0.000900047 0.00464286 0.00124289 8.97524e-05 0.000611112 0.000682699
85 0.00128588 0.00225564 0.00190229 0.00141456 0.00125447 0.000993774
86 0.000742393 0.000137441 0.00201314 0.00163392 0.00128975 0.000733452
87 0.000347996 0.00012323 0.00264051 0.0030308 0.00220532 0.00122624
88 0.00263733 0.000541825 0.00634897 0.00629049 0.00394961 0.00646368
89 0.368962 0.000750323 0.0147566 0.0138617 0.0055892 0.00167532
