-60	1.24822	1.00764	0.890386	9.33043	8.43769	7.30632
-59.4	1.24818	1.00768	0.890486	9.31449	8.4361	7.30513
-58.8	1.24813	1.00772	0.890585	9.2986	8.43453	7.30393
-58.2	1.24808	1.00775	0.890683	9.28275	8.43296	7.30274
-57.6	1.24803	1.00779	0.890779	9.26695	8.4314	7.30155
-57	1.24798	1.00783	0.890874	9.2512	8.42985	7.30036
-56.4	1.24793	1.00786	0.890968	9.23549	8.42831	7.29918
-55.8	1.24788	1.00789	0.89106	9.21983	8.42678	7.29799
-55.2	1.24782	1.00793	0.891151	9.20422	8.42525	7.29681
-54.6	1.24777	1.00796	0.891241	9.18866	8.42374	7.29563
-54	1.24771	1.00799	0.89133	9.17315	8.42223	7.29445
-53.4	1.24765	1.00802	0.891417	9.15768	8.42073	7.29328
-52.8	1.2476	1.00805	0.891503	9.14226	8.41924	7.2921
-52.2	1.24754	1.00808	0.891588	9.1269	8.41776	7.29093
-51.6	1.24748	1.00811	0.891673	9.11158	8.41628	7.28976
-51	1.24742	1.00814	0.891756	9.09631	8.41482	7.28859
-50.4	1.24735	1.00817	0.891838	9.08109	8.41336	7.28743
-49.8	1.24729	1.00819	0.891918	9.06592	8.41192	7.28626
-49.2	1.24723	1.00822	0.891998	9.05081	8.41048	7.2851
-48.6	1.24716	1.00825	0.892077	9.03574	8.40905	7.28394
-48	1.2471	1.00828	0.892155	9.02072	8.40763	7.28278
-47.4	1.24703	1.0083	0.892233	9.00576	8.40621	7.28163
-46.8	1.24697	1.00833	0.892309	8.99084	8.40481	7.28047
-46.2	1.2469	1.00835	0.892384	8.97598	8.40341	7.27932
-45.6	1.24683	1.00838	0.892459	8.96117	8.40203	7.27817
-45	1.24677	1.0084	0.892532	8.94641	8.40065	7.27702
-44.4	1.2467	1.00843	0.892605	8.93171	8.39928	7.27588
-43.8	1.24663	1.00845	0.892677	8.91706	8.39792	7.27473
-43.2	1.24656	1.00848	0.892748	8.90246	8.39657	7.27359
-42.6	1.24649	1.0085	0.892818	8.88791	8.39522	7.27245
-42	1.24641	1.00853	0.892888	8.87342	8.39389	7.27131
-41.4	1.24634	1.00855	0.892957	8.85898	8.39256	7.27017
-40.8	1.24627	1.00858	0.893025	8.84459	8.39125	7.26904
-40.2	1.2462	1.0086	0.893092	8.83026	8.38994	7.26791
-39.6	1.24613	1.00863	0.893159	8.81598	8.38864	7.26678
-39	1.24605	1.00865	0.893224	8.80176	8.38735	7.26565
-38.4	1.24598	1.00867	0.89329	8.7876	8.38606	7.26452
-37.8	1.2459	1.0087	0.893354	8.77348	8.38479	7.2634
-37.2	1.24583	1.00872	0.893418	8.75943	8.38352	7.26228
-36.6	1.24575	1.00875	0.893481	8.74543	8.38227	7.26116
-36	1.24568	1.00877	0.893543	8.73149	8.38102	7.26004
-35.4	1.2456	1.00879	0.893605	8.7176	8.37978	7.25892
-34.8	1.24553	1.00882	0.893666	8.70377	8.37855	7.25781
-34.2	1.24545	1.00884	0.893726	8.68999	8.37733	7.25669
-33.6	1.24537	1.00887	0.893786	8.67628	8.37612	7.25558
-33	1.24529	1.00889	0.893845	8.66262	8.37491	7.25447
-32.4	1.24522	1.00891	0.893903	8.64902	8.37372	7.25337
-31.8	1.24514	1.00894	0.893961	8.63547	8.37253	7.25226
-31.2	1.24506	1.00896	0.894018	8.62199	8.37135	7.25116
-30.6	1.24498	1.00899	0.894074	8.60856	8.37018	7.25006
-30	1.2449	1.00901	0.89413	8.5952	8.36902	7.24896
-29.4	1.24483	1.00904	0.894185	8.58189	8.36787	7.24787
-28.8	1.24475	1.00906	0.894239	8.56864	8.36673	7.24677
-28.2	1.24467	1.00908	0.894293	8.55545	8.36559	7.24568
-27.6	1.24459	1.00911	0.894346	8.54232	8.36447	7.24459
-27	1.24451	1.00913	0.894398	8.52925	8.36335	7.2435
-26.4	1.24443	1.00916	0.894449	8.51624	8.36224	7.24241
-25.8	1.24435	1.00918	0.8945	8.5033	8.36114	7.24133
-25.2	1.24427	1.00921	0.894551	8.49041	8.36005	7.24025
-24.6	1.24419	1.00923	0.8946	8.47758	8.35897	7.23917
-24	1.24411	1.00926	0.894649	8.46482	8.3579	7.23809
-23.4	1.24403	1.00928	0.894697	8.45212	8.35683	7.23701
-22.8	1.24394	1.00931	0.894745	8.43948	8.35578	7.23594
-22.2	1.24386	1.00933	0.894792	8.4269	8.35473	7.23487
-21.6	1.24378	1.00935	0.894838	8.41439	8.3537	7.2338
-21	1.2437	1.00938	0.894883	8.40194	8.35267	7.23273
-20.4	1.24362	1.0094	0.894928	8.38955	8.35165	7.23166
-19.8	1.24354	1.00943	0.894972	8.37723	8.35064	7.2306
-19.2	1.24346	1.00945	0.895015	8.36496	8.34963	7.22954
-18.6	1.24338	1.00948	0.895058	8.35277	8.34864	7.22848
-18	1.24329	1.0095	0.8951	8.34064	8.34765	7.22742
-17.4	1.24321	1.00953	0.895141	8.32857	8.34668	7.22636
-16.8	1.24313	1.00955	0.895181	8.31657	8.34571	7.22531
-16.2	1.24305	1.00958	0.895221	8.30463	8.34475	7.22425
-15.6	1.24297	1.0096	0.89526	8.29276	8.3438	7.2232
-15	1.24289	1.00963	0.895298	8.28095	8.34286	7.22216
-14.4	1.2428	1.00965	0.895335	8.26921	8.34193	7.22111
-13.8	1.24272	1.00968	0.895372	8.25754	8.34101	7.22007
-13.2	1.24264	1.00971	0.895408	8.24594	8.34009	7.21902
-12.6	1.24256	1.00973	0.895443	8.2344	8.33919	7.21799
-12	1.24248	1.00976	0.895478	8.22292	8.33829	7.21695
-11.4	1.2424	1.00978	0.895511	8.21152	8.33741	7.21591
-10.8	1.24232	1.00981	0.895544	8.20018	8.33653	7.21488
-10.2	1.24223	1.00983	0.895576	8.18891	8.33566	7.21385
-9.6	1.24215	1.00986	0.895608	8.17771	8.3348	7.21282
-9	1.24207	1.00988	0.895639	8.16658	8.33394	7.21179
-8.4	1.24199	1.00991	0.895668	8.15552	8.3331	7.21076
-7.8	1.24191	1.00993	0.895698	8.14453	8.33227	7.20974
-7.2	1.24183	1.00996	0.895726	8.1336	8.33144	7.20872
-6.6	1.24175	1.00998	0.895754	8.12275	8.33062	7.2077
-6	1.24167	1.01001	0.895781	8.11197	8.32982	7.20668
-5.4	1.24159	1.01004	0.895807	8.10125	8.32902	7.20567
-4.8	1.24151	1.01006	0.895832	8.09061	8.32823	7.20465
-4.2	1.24144	1.01009	0.895857	8.08004	8.32745	7.20364
-3.6	1.24136	1.01011	0.895881	8.06954	8.32667	7.20263
-3	1.24128	1.01014	0.895904	8.05911	8.32591	7.20162
-2.4	1.2412	1.01016	0.895927	8.04875	8.32516	7.20062
-1.8	1.24113	1.01019	0.895948	8.03846	8.32441	7.19962
-1.2	1.24105	1.01022	0.895969	8.02825	8.32367	7.19861
-0.6	1.24097	1.01024	0.89599	8.01811	8.32295	7.19762
0	1.2409	1.01027	0.896009	8.00804	8.32223	7.19662
0.6	1.24082	1.0103	0.896028	7.99805	8.32152	7.19562
1.2	1.24075	1.01032	0.896046	7.98813	8.32082	7.19463
1.8	1.24067	1.01035	0.896064	7.97828	8.32012	7.19364
2.4	1.2406	1.01037	0.89608	7.9685	8.31944	7.19265
3	1.24053	1.0104	0.896096	7.9588	8.31877	7.19166
3.6	1.24045	1.01043	0.896111	7.94918	8.3181	7.19068
4.2	1.24038	1.01046	0.896126	7.93963	8.31745	7.1897
4.8	1.24031	1.01048	0.89614	7.93015	8.3168	7.18872
5.4	1.24024	1.01051	0.896153	7.92075	8.31616	7.18774
6	1.24017	1.01054	0.896166	7.91143	8.31553	7.18676
6.6	1.2401	1.01056	0.896178	7.90218	8.31491	7.18579
7.2	1.24003	1.01059	0.896189	7.89301	8.3143	7.18482
7.8	1.23997	1.01062	0.896199	7.88391	8.31369	7.18384
8.4	1.2399	1.01065	0.896209	7.87489	8.3131	7.18288
9	1.23983	1.01068	0.896218	7.86595	8.31251	7.18191
9.6	1.23977	1.0107	0.896227	7.85708	8.31194	7.18095
10.2	1.2397	1.01073	0.896235	7.8483	8.31137	7.17998
10.8	1.23964	1.01076	0.896242	7.83959	8.31081	7.17902
11.4	1.23958	1.01079	0.896248	7.83095	8.31026	7.17807
12	1.23952	1.01082	0.896254	7.8224	8.30972	7.17711
12.6	1.23946	1.01085	0.89626	7.81392	8.30919	7.17616
13.2	1.2394	1.01088	0.896264	7.80553	8.30867	7.17521
13.8	1.23934	1.01091	0.896268	7.79721	8.30816	7.17426
14.4	1.23928	1.01094	0.896272	7.78897	8.30765	7.17331
15	1.23923	1.01097	0.896275	7.78081	8.30716	7.17236
15.6	1.23917	1.011	0.896277	7.77273	8.30667	7.17142
16.2	1.23912	1.01103	0.896279	7.76473	8.30619	7.17048
16.8	1.23906	1.01106	0.89628	7.75681	8.30572	7.16954
17.4	1.23901	1.01109	0.89628	7.74897	8.30526	7.1686
18	1.23896	1.01112	0.89628	7.74121	8.30481	7.16767
18.6	1.23891	1.01115	0.896279	7.73354	8.30437	7.16673
19.2	1.23886	1.01118	0.896278	7.72594	8.30394	7.1658
19.8	1.23882	1.01122	0.896276	7.71843	8.30351	7.16487
20.4	1.23877	1.01125	0.896274	7.71099	8.3031	7.16395
21	1.23873	1.01128	0.89627	7.70364	8.30269	7.16302
21.6	1.23868	1.01131	0.896267	7.69637	8.30229	7.1621
22.2	1.23864	1.01135	0.896263	7.68919	8.30191	7.16118
22.8	1.2386	1.01138	0.896258	7.68208	8.30153	7.16026
23.4	1.23856	1.01141	0.896252	7.67506	8.30116	7.15934
24	1.23853	1.01145	0.896247	7.66812	8.3008	7.15843
24.6	1.23849	1.01148	0.89624	7.66127	8.30044	7.15752
25.2	1.23846	1.01152	0.896233	7.6545	8.3001	7.15661
25.8	1.23842	1.01155	0.896226	7.64781	8.29977	7.1557
26.4	1.23839	1.01158	0.896217	7.6412	8.29944	7.15479
27	1.23836	1.01162	0.896209	7.63468	8.29912	7.15389
27.6	1.23833	1.01166	0.896199	7.62825	8.29882	7.15299
28.2	1.23831	1.01169	0.89619	7.6219	8.29852	7.15209
28.8	1.23828	1.01173	0.896179	7.61563	8.29823	7.15119
29.4	1.23826	1.01176	0.896168	7.60945	8.29795	7.15029
30	1.23823	1.0118	0.896157	7.60336	8.29768	7.1494
30.6	1.23821	1.01184	0.896145	7.59735	8.29742	7.14851
31.2	1.2382	1.01187	0.896133	7.59142	8.29716	7.14762
31.8	1.23818	1.01191	0.896119	7.58558	8.29692	7.14673
32.4	1.23816	1.01195	0.896106	7.57983	8.29668	7.14585
33	1.23815	1.01199	0.896092	7.57416	8.29646	7.14496
33.6	1.23814	1.01203	0.896077	7.56858	8.29624	7.14408
34.2	1.23813	1.01207	0.896062	7.56309	8.29603	7.1432
34.8	1.23812	1.0121	0.896046	7.55768	8.29583	7.14233
35.4	1.23811	1.01214	0.89603	7.55236	8.29564	7.14145
36	1.23811	1.01218	0.896013	7.54713	8.29546	7.14058
36.6	1.2381	1.01222	0.895995	7.54199	8.29528	7.13971
37.2	1.2381	1.01226	0.895977	7.53693	8.29512	7.13884
37.8	1.2381	1.0123	0.895959	7.53196	8.29497	7.13798
38.4	1.2381	1.01235	0.895939	7.52708	8.29482	7.13711
39	1.23811	1.01239	0.89592	7.52228	8.29468	7.13625
39.6	1.23811	1.01243	0.895899	7.51758	8.29456	7.13539
40.2	1.23812	1.01247	0.895879	7.51296	8.29444	7.13453
40.8	1.23813	1.01251	0.895857	7.50843	8.29433	7.13368
41.4	1.23814	1.01255	0.895835	7.50399	8.29423	7.13282
42	1.23815	1.0126	0.895813	7.49964	8.29414	7.13197
42.6	1.23817	1.01264	0.89579	7.49538	8.29405	7.13112
43.2	1.23819	1.01268	0.895766	7.49121	8.29398	7.13027
43.8	1.23821	1.01273	0.895742	7.48712	8.29391	7.12943
44.4	1.23823	1.01277	0.895717	7.48313	8.29386	7.12859
45	1.23825	1.01281	0.895691	7.47922	8.29381	7.12775
45.6	1.23828	1.01286	0.895665	7.47541	8.29377	7.12691
46.2	1.2383	1.0129	0.895638	7.47168	8.29375	7.12607
46.8	1.23833	1.01295	0.895611	7.46805	8.29373	7.12524
47.4	1.23837	1.01299	0.895583	7.4645	8.29372	7.1244
48	1.2384	1.01304	0.895555	7.46105	8.29371	7.12357
48.6	1.23843	1.01308	0.895525	7.45769	8.29372	7.12274
49.2	1.23847	1.01313	0.895496	7.45441	8.29374	7.12192
49.8	1.23851	1.01317	0.895465	7.45123	8.29376	7.12109
50.4	1.23855	1.01322	0.895434	7.44814	8.2938	7.12027
51	1.2386	1.01326	0.895402	7.44514	8.29384	7.11945
51.6	1.23864	1.01331	0.89537	7.44223	8.29389	7.11863
52.2	1.23869	1.01336	0.895337	7.43941	8.29395	7.11782
52.8	1.23874	1.0134	0.895303	7.43668	8.29402	7.11701
53.4	1.23879	1.01345	0.895269	7.43404	8.2941	7.11619
54	1.23885	1.0135	0.895234	7.4315	8.29419	7.11538
54.6	1.23891	1.01354	0.895198	7.42904	8.29429	7.11458
55.2	1.23897	1.01359	0.895162	7.42668	8.29439	7.11377
55.8	1.23903	1.01364	0.895124	7.42441	8.29451	7.11297
56.4	1.23909	1.01369	0.895087	7.42223	8.29463	7.11217
57	1.23916	1.01373	0.895048	7.42015	8.29477	7.11137
57.6	1.23922	1.01378	0.895009	7.41815	8.29491	7.11057
58.2	1.23929	1.01383	0.894968	7.41625	8.29506	7.10978
58.8	1.23937	1.01388	0.894928	7.41444	8.29522	7.10899
59.4	1.23944	1.01393	0.894886	7.41272	8.29539	7.1082

