-60	1.25185	1.00982	0.891833	8.80563	8.43531	7.30941
-59.4	1.25176	1.00983	0.891913	8.79486	8.43375	7.30819
-58.8	1.25167	1.00984	0.891991	8.78414	8.43221	7.30696
-58.2	1.25158	1.00984	0.892068	8.77346	8.43067	7.30574
-57.6	1.25149	1.00985	0.892144	8.76284	8.42913	7.30452
-57	1.2514	1.00986	0.892219	8.75227	8.42761	7.30331
-56.4	1.2513	1.00987	0.892293	8.74176	8.4261	7.30209
-55.8	1.25121	1.00987	0.892365	8.73129	8.42459	7.30088
-55.2	1.25111	1.00988	0.892436	8.72087	8.4231	7.29966
-54.6	1.25101	1.00988	0.892506	8.71051	8.42161	7.29845
-54	1.25092	1.00989	0.892575	8.7002	8.42013	7.29725
-53.4	1.25082	1.00989	0.892643	8.68994	8.41865	7.29604
-52.8	1.25072	1.0099	0.89271	8.67973	8.41719	7.29484
-52.2	1.25062	1.0099	0.892776	8.66958	8.41574	7.29363
-51.6	1.25052	1.0099	0.892841	8.65948	8.41429	7.29243
-51	1.25041	1.00991	0.892905	8.64943	8.41285	7.29123
-50.4	1.25031	1.00991	0.892968	8.63944	8.41142	7.29004
-49.8	1.25021	1.00991	0.893031	8.6295	8.41	7.28884
-49.2	1.2501	1.00991	0.893092	8.61961	8.40859	7.28765
-48.6	1.25	1.00991	0.893153	8.60978	8.40719	7.28646
-48	1.24989	1.00991	0.893213	8.6	8.40579	7.28527
-47.4	1.24979	1.00992	0.893272	8.59027	8.40441	7.28409
-46.8	1.24968	1.00992	0.89333	8.5806	8.40303	7.2829
-46.2	1.24957	1.00992	0.893387	8.57098	8.40166	7.28172
-45.6	1.24946	1.00992	0.893444	8.56142	8.4003	7.28054
-45	1.24936	1.00992	0.8935	8.55191	8.39895	7.27936
-44.4	1.24925	1.00992	0.893555	8.54246	8.3976	7.27818
-43.8	1.24914	1.00992	0.89361	8.53306	8.39627	7.27701
-43.2	1.24903	1.00992	0.893664	8.52372	8.39494	7.27583
-42.6	1.24892	1.00992	0.893717	8.51444	8.39363	7.27466
-42	1.24881	1.00992	0.89377	8.50521	8.39232	7.27349
-41.4	1.2487	1.00992	0.893822	8.49603	8.39102	7.27233
-40.8	1.24859	1.00992	0.893873	8.48691	8.38972	7.27116
-40.2	1.24847	1.00992	0.893924	8.47785	8.38844	7.27
-39.6	1.24836	1.00992	0.893974	8.46885	8.38717	7.26884
-39	1.24825	1.00992	0.894024	8.4599	8.3859	7.26768
-38.4	1.24814	1.00992	0.894073	8.45101	8.38464	7.26652
-37.8	1.24802	1.00992	0.894121	8.44217	8.38339	7.26537
-37.2	1.24791	1.00992	0.894169	8.4334	8.38215	7.26421
-36.6	1.2478	1.00992	0.894216	8.42468	8.38092	7.26306
-36	1.24768	1.00993	0.894263	8.41601	8.3797	7.26191
-35.4	1.24757	1.00993	0.894309	8.40741	8.37848	7.26077
-34.8	1.24746	1.00993	0.894355	8.39886	8.37728	7.25962
-34.2	1.24734	1.00993	0.8944	8.39037	8.37608	7.25848
-33.6	1.24723	1.00993	0.894445	8.38194	8.37489	7.25734
-33	1.24711	1.00993	0.894489	8.37357	8.37371	7.2562
-32.4	1.247	1.00993	0.894533	8.36526	8.37254	7.25506
-31.8	1.24688	1.00994	0.894576	8.357	8.37138	7.25393
-31.2	1.24677	1.00994	0.894618	8.34881	8.37022	7.25279
-30.6	1.24665	1.00994	0.89466	8.34067	8.36908	7.25166
-30	1.24654	1.00994	0.894701	8.3326	8.36794	7.25053
-29.4	1.24642	1.00995	0.894742	8.32458	8.36681	7.2494
-28.8	1.24631	1.00995	0.894783	8.31662	8.3657	7.24828
-28.2	1.24619	1.00995	0.894822	8.30872	8.36458	7.24716
-27.6	1.24608	1.00995	0.894862	8.30089	8.36348	7.24603
-27	1.24596	1.00996	0.8949	8.29311	8.36239	7.24491
-26.4	1.24585	1.00996	0.894939	8.28539	8.3613	7.2438
-25.8	1.24573	1.00997	0.894976	8.27774	8.36023	7.24268
-25.2	1.24562	1.00997	0.895013	8.27014	8.35916	7.24157
-24.6	1.2455	1.00997	0.89505	8.26261	8.3581	7.24046
-24	1.24539	1.00998	0.895086	8.25513	8.35705	7.23935
-23.4	1.24527	1.00998	0.895121	8.24772	8.35601	7.23824
-22.8	1.24515	1.00999	0.895156	8.24037	8.35498	7.23713
-22.2	1.24504	1.00999	0.89519	8.23308	8.35396	7.23603
-21.6	1.24492	1.01	0.895223	8.22585	8.35294	7.23493
-21	1.24481	1.01	0.895256	8.21868	8.35194	7.23383
-20.4	1.24469	1.01001	0.895289	8.21158	8.35094	7.23273
-19.8	1.24458	1.01001	0.895321	8.20454	8.34995	7.23164
-19.2	1.24446	1.01002	0.895352	8.19756	8.34897	7.23054
-18.6	1.24435	1.01002	0.895382	8.19064	8.348	7.22945
-18	1.24423	1.01003	0.895412	8.18379	8.34703	7.22836
-17.4	1.24412	1.01003	0.895442	8.177	8.34608	7.22728
-16.8	1.244	1.01004	0.89547	8.17027	8.34514	7.22619
-16.2	1.24389	1.01005	0.895498	8.1636	8.3442	7.22511
-15.6	1.24377	1.01005	0.895526	8.157	8.34327	7.22403
-15	1.24366	1.01006	0.895553	8.15046	8.34235	7.22295
-14.4	1.24355	1.01007	0.895579	8.14399	8.34144	7.22187
-13.8	1.24343	1.01007	0.895604	8.13757	8.34054	7.22079
-13.2	1.24332	1.01008	0.895629	8.13123	8.33965	7.21972
-12.6	1.2432	1.01009	0.895653	8.12494	8.33876	7.21865
-12	1.24309	1.01009	0.895677	8.11872	8.33789	7.21758
-11.4	1.24298	1.0101	0.8957	8.11257	8.33702	7.21651
-10.8	1.24286	1.01011	0.895722	8.10648	8.33616	7.21545
-10.2	1.24275	1.01012	0.895744	8.10045	8.33532	7.21438
-9.6	1.24264	1.01012	0.895765	8.09449	8.33448	7.21332
-9	1.24253	1.01013	0.895785	8.0886	8.33364	7.21226
-8.4	1.24242	1.01014	0.895804	8.08277	8.33282	7.21121
-7.8	1.2423	1.01015	0.895823	8.077	8.33201	7.21015
-7.2	1.24219	1.01016	0.895842	8.0713	8.3312	7.2091
-6.6	1.24208	1.01016	0.895859	8.06566	8.33041	7.20805
-6	1.24197	1.01017	0.895876	8.0601	8.32962	7.207
-5.4	1.24186	1.01018	0.895892	8.05459	8.32884	7.20595
-4.8	1.24175	1.01019	0.895908	8.04915	8.32807	7.20491
-4.2	1.24164	1.0102	0.895923	8.04378	8.32731	7.20386
-3.6	1.24154	1.01021	0.895937	8.03848	8.32656	7.20282
-3	1.24143	1.01022	0.895951	8.03324	8.32581	7.20178
-2.4	1.24132	1.01023	0.895964	8.02807	8.32508	7.20075
-1.8	1.24121	1.01024	0.895976	8.02296	8.32435	7.19971
-1.2	1.24111	1.01025	0.895988	8.01792	8.32364	7.19868
-0.6	1.241	1.01026	0.895999	8.01295	8.32293	7.19765
0	1.2409	1.01027	0.896009	8.00804	8.32223	7.19662
0.6	1.24079	1.01028	0.896019	8.0032	8.32154	7.19559
1.2	1.24069	1.01029	0.896028	7.99843	8.32086	7.19457
1.8	1.24058	1.0103	0.896036	7.99373	8.32018	7.19354
2.4	1.24048	1.01031	0.896044	7.98909	8.31952	7.19252
3	1.24038	1.01032	0.896051	7.98452	8.31886	7.19151
3.6	1.24028	1.01034	0.896058	7.98002	8.31822	7.19049
4.2	1.24018	1.01035	0.896064	7.97559	8.31758	7.18947
4.8	1.24008	1.01036	0.896069	7.97122	8.31695	7.18846
5.4	1.23998	1.01037	0.896074	7.96692	8.31633	7.18745
6	1.23988	1.01038	0.896078	7.96269	8.31572	7.18644
6.6	1.23978	1.0104	0.896081	7.95853	8.31511	7.18544
7.2	1.23969	1.01041	0.896084	7.95444	8.31452	7.18443
7.8	1.23959	1.01042	0.896086	7.95041	8.31394	7.18343
8.4	1.2395	1.01044	0.896088	7.94646	8.31336	7.18243
9	1.2394	1.01045	0.896089	7.94257	8.31279	7.18143
9.6	1.23931	1.01046	0.896089	7.93875	8.31223	7.18043
10.2	1.23922	1.01048	0.896089	7.935	8.31169	7.17944
10.8	1.23913	1.01049	0.896088	7.93132	8.31114	7.17845
11.4	1.23904	1.01051	0.896087	7.92771	8.31061	7.17746
12	1.23895	1.01052	0.896085	7.92416	8.31009	7.17647
12.6	1.23886	1.01054	0.896082	7.92069	8.30958	7.17548
13.2	1.23878	1.01056	0.896079	7.91728	8.30907	7.1745
13.8	1.23869	1.01057	0.896076	7.91395	8.30857	7.17352
14.4	1.23861	1.01059	0.896071	7.91068	8.30809	7.17254
15	1.23852	1.0106	0.896067	7.90749	8.30761	7.17156
15.6	1.23844	1.01062	0.896061	7.90436	8.30714	7.17059
16.2	1.23836	1.01064	0.896055	7.9013	8.30668	7.16961
16.8	1.23828	1.01066	0.896049	7.89832	8.30623	7.16864
17.4	1.2382	1.01068	0.896042	7.8954	8.30578	7.16767
18	1.23813	1.01069	0.896035	7.89255	8.30535	7.1667
18.6	1.23805	1.01071	0.896027	7.88978	8.30492	7.16574
19.2	1.23798	1.01073	0.896018	7.88707	8.30451	7.16478
19.8	1.23791	1.01075	0.896009	7.88443	8.3041	7.16381
20.4	1.23783	1.01077	0.895999	7.88187	8.3037	7.16285
21	1.23776	1.01079	0.895989	7.87937	8.30331	7.1619
21.6	1.23769	1.01081	0.895978	7.87694	8.30293	7.16094
22.2	1.23763	1.01083	0.895967	7.87459	8.30256	7.15999
22.8	1.23756	1.01085	0.895955	7.8723	8.30219	7.15904
23.4	1.2375	1.01088	0.895943	7.87009	8.30184	7.15809
24	1.23743	1.0109	0.89593	7.86795	8.30149	7.15714
24.6	1.23737	1.01092	0.895917	7.86587	8.30115	7.1562
25.2	1.23731	1.01094	0.895903	7.86387	8.30083	7.15526
25.8	1.23725	1.01097	0.895888	7.86194	8.30051	7.15431
26.4	1.2372	1.01099	0.895873	7.86008	8.3002	7.15338
27	1.23714	1.01102	0.895858	7.85829	8.2999	7.15244
27.6	1.23709	1.01104	0.895842	7.85657	8.2996	7.15151
28.2	1.23703	1.01106	0.895826	7.85492	8.29932	7.15057
28.8	1.23698	1.01109	0.895809	7.85335	8.29905	7.14964
29.4	1.23694	1.01112	0.895791	7.85184	8.29878	7.14871
30	1.23689	1.01114	0.895773	7.85041	8.29852	7.14779
30.6	1.23684	1.01117	0.895755	7.84904	8.29828	7.14686
31.2	1.2368	1.0112	0.895735	7.84775	8.29804	7.14594
31.8	1.23676	1.01122	0.895716	7.84653	8.29781	7.14502
32.4	1.23672	1.01125	0.895696	7.84538	8.29758	7.1441
33	1.23668	1.01128	0.895675	7.8443	8.29737	7.14319
33.6	1.23664	1.01131	0.895654	7.8433	8.29717	7.14228
34.2	1.23661	1.01134	0.895632	7.84236	8.29697	7.14136
34.8	1.23657	1.01136	0.89561	7.8415	8.29679	7.14045
35.4	1.23654	1.01139	0.895587	7.8407	8.29661	7.13955
36	1.23651	1.01142	0.895564	7.83998	8.29644	7.13864
36.6	1.23648	1.01145	0.89554	7.83933	8.29628	7.13774
37.2	1.23646	1.01149	0.895516	7.83876	8.29613	7.13684
37.8	1.23643	1.01152	0.895491	7.83825	8.29599	7.13594
38.4	1.23641	1.01155	0.895466	7.83781	8.29586	7.13504
39	1.23639	1.01158	0.89544	7.83745	8.29574	7.13415
39.6	1.23637	1.01161	0.895413	7.83716	8.29562	7.13325
40.2	1.23635	1.01165	0.895386	7.83694	8.29552	7.13236
40.8	1.23634	1.01168	0.895359	7.83679	8.29542	7.13147
41.4	1.23633	1.01171	0.89533	7.83671	8.29533	7.13059
42	1.23632	1.01175	0.895302	7.8367	8.29525	7.1297
42.6	1.23631	1.01178	0.895272	7.83677	8.29518	7.12882
43.2	1.2363	1.01181	0.895243	7.83691	8.29512	7.12794
43.8	1.23629	1.01185	0.895212	7.83712	8.29507	7.12706
44.4	1.23629	1.01188	0.895181	7.8374	8.29502	7.12619
45	1.23629	1.01192	0.89515	7.83775	8.29499	7.12531
45.6	1.23629	1.01196	0.895117	7.83817	8.29496	7.12444
46.2	1.23629	1.01199	0.895085	7.83867	8.29495	7.12357
46.8	1.2363	1.01203	0.895051	7.83923	8.29494	7.1227
47.4	1.23631	1.01207	0.895017	7.83987	8.29494	7.12184
48	1.23632	1.0121	0.894983	7.84058	8.29495	7.12097
48.6	1.23633	1.01214	0.894947	7.84136	8.29497	7.12011
49.2	1.23634	1.01218	0.894911	7.84221	8.295	7.11925
49.8	1.23636	1.01222	0.894875	7.84314	8.29503	7.1184
50.4	1.23637	1.01226	0.894838	7.84413	8.29508	7.11754
51	1.23639	1.0123	0.8948	7.8452	8.29513	7.11669
51.6	1.23642	1.01233	0.894762	7.84633	8.2952	7.11584
52.2	1.23644	1.01237	0.894723	7.84754	8.29527	7.11499
52.8	1.23647	1.01241	0.894683	7.84882	8.29535	7.11414
53.4	1.23649	1.01245	0.894642	7.85017	8.29544	7.1133
54	1.23652	1.01249	0.894601	7.8516	8.29554	7.11245
54.6	1.23656	1.01253	0.894559	7.85309	8.29565	7.11161
55.2	1.23659	1.01258	0.894517	7.85466	8.29576	7.11077
55.8	1.23663	1.01262	0.894474	7.85629	8.29589	7.10994
56.4	1.23667	1.01266	0.89443	7.858	8.29602	7.1091
57	1.23671	1.0127	0.894385	7.85978	8.29617	7.10827
57.6	1.23675	1.01274	0.89434	7.86162	8.29632	7.10744
58.2	1.2368	1.01278	0.894293	7.86354	8.29648	7.10662
58.8	1.23685	1.01283	0.894246	7.86553	8.29665	7.10579
59.4	1.2369	1.01287	0.894199	7.8676	8.29683	7.10497

