-60	1.23652	1.03334	0.889193	8.56021	9.05501	7.65905
-59.4	1.23661	1.03314	0.889409	8.55328	9.04564	7.6543
-58.8	1.23669	1.03294	0.889623	8.54638	9.0363	7.64955
-58.2	1.23678	1.03274	0.889833	8.5395	9.02699	7.6448
-57.6	1.23686	1.03254	0.890042	8.53265	9.01773	7.64006
-57	1.23695	1.03233	0.890248	8.52583	9.0085	7.63532
-56.4	1.23703	1.03213	0.890451	8.51903	8.99931	7.63058
-55.8	1.23711	1.03193	0.890652	8.51226	8.99016	7.62585
-55.2	1.2372	1.03173	0.89085	8.50552	8.98105	7.62112
-54.6	1.23728	1.03153	0.891046	8.4988	8.97198	7.61639
-54	1.23737	1.03133	0.891239	8.49211	8.96294	7.61166
-53.4	1.23745	1.03112	0.89143	8.48545	8.95395	7.60693
-52.8	1.23754	1.03092	0.891618	8.47881	8.94499	7.60221
-52.2	1.23762	1.03072	0.891803	8.47221	8.93607	7.59749
-51.6	1.2377	1.03051	0.891986	8.46562	8.92719	7.59277
-51	1.23779	1.03031	0.892166	8.45907	8.91835	7.58806
-50.4	1.23787	1.03011	0.892344	8.45254	8.90955	7.58334
-49.8	1.23796	1.0299	0.892519	8.44605	8.90079	7.57863
-49.2	1.23804	1.0297	0.892692	8.43957	8.89207	7.57392
-48.6	1.23812	1.02949	0.892862	8.43313	8.88339	7.56922
-48	1.2382	1.02929	0.893029	8.42671	8.87474	7.56451
-47.4	1.23829	1.02908	0.893193	8.42032	8.86614	7.55981
-46.8	1.23837	1.02888	0.893355	8.41396	8.85758	7.55511
-46.2	1.23845	1.02867	0.893514	8.40763	8.84906	7.55042
-45.6	1.23853	1.02846	0.893671	8.40132	8.84058	7.54572
-45	1.23861	1.02826	0.893825	8.39504	8.83213	7.54103
-44.4	1.23869	1.02805	0.893975	8.38879	8.82373	7.53634
-43.8	1.23877	1.02784	0.894124	8.38257	8.81537	7.53166
-43.2	1.23885	1.02763	0.894269	8.37638	8.80705	7.52697
-42.6	1.23893	1.02743	0.894411	8.37021	8.79877	7.52229
-42	1.23901	1.02722	0.894551	8.36408	8.79054	7.51761
-41.4	1.23909	1.02701	0.894688	8.35797	8.78234	7.51294
-40.8	1.23917	1.0268	0.894821	8.35188	8.77418	7.50826
-40.2	1.23924	1.02659	0.894952	8.34583	8.76607	7.50359
-39.6	1.23932	1.02637	0.89508	8.33981	8.75799	7.49892
-39	1.23939	1.02616	0.895205	8.33381	8.74996	7.49426
-38.4	1.23947	1.02595	0.895327	8.32785	8.74197	7.48959
-37.8	1.23954	1.02574	0.895446	8.32191	8.73402	7.48493
-37.2	1.23961	1.02552	0.895561	8.316	8.72612	7.48027
-36.6	1.23968	1.02531	0.895674	8.31012	8.71825	7.47562
-36	1.23975	1.02509	0.895784	8.30426	8.71043	7.47097
-35.4	1.23982	1.02488	0.89589	8.29844	8.70265	7.46631
-34.8	1.23989	1.02466	0.895993	8.29264	8.69491	7.46167
-34.2	1.23996	1.02444	0.896093	8.28688	8.68722	7.45702
-33.6	1.24002	1.02422	0.89619	8.28114	8.67956	7.45238
-33	1.24009	1.024	0.896283	8.27544	8.67195	7.44774
-32.4	1.24015	1.02378	0.896374	8.26976	8.66439	7.4431
-31.8	1.24021	1.02356	0.896461	8.26411	8.65686	7.43846
-31.2	1.24027	1.02334	0.896544	8.25849	8.64938	7.43383
-30.6	1.24033	1.02312	0.896625	8.2529	8.64194	7.4292
-30	1.24039	1.02289	0.896702	8.24734	8.63455	7.42457
-29.4	1.24044	1.02267	0.896775	8.24181	8.62719	7.41995
-28.8	1.2405	1.02244	0.896846	8.2363	8.61989	7.41533
-28.2	1.24055	1.02222	0.896912	8.23083	8.61262	7.41071
-27.6	1.24061	1.02199	0.896976	8.22539	8.6054	7.40609
-27	1.24066	1.02176	0.897036	8.21997	8.59822	7.40147
-26.4	1.2407	1.02153	0.897092	8.21459	8.59109	7.39686
-25.8	1.24075	1.0213	0.897145	8.20924	8.584	7.39225
-25.2	1.2408	1.02107	0.897195	8.20391	8.57695	7.38765
-24.6	1.24084	1.02083	0.897241	8.19862	8.56995	7.38304
-24	1.24088	1.0206	0.897284	8.19336	8.56299	7.37844
-23.4	1.24092	1.02037	0.897323	8.18812	8.55608	7.37384
-22.8	1.24096	1.02013	0.897358	8.18292	8.54921	7.36925
-22.2	1.241	1.01989	0.89739	8.17775	8.54239	7.36465
-21.6	1.24103	1.01965	0.897419	8.1726	8.53561	7.36006
-21	1.24107	1.01941	0.897443	8.16749	8.52887	7.35547
-20.4	1.2411	1.01917	0.897465	8.16241	8.52219	7.35089
-19.8	1.24113	1.01893	0.897483	8.15736	8.51554	7.34631
-19.2	1.24116	1.01869	0.897497	8.15233	8.50894	7.34173
-18.6	1.24118	1.01845	0.897507	8.14734	8.50239	7.33715
-18	1.24121	1.0182	0.897514	8.14238	8.49588	7.33257
-17.4	1.24123	1.01795	0.897518	8.13745	8.48942	7.328
-16.8	1.24125	1.01771	0.897518	8.13255	8.483	7.32343
-16.2	1.24126	1.01746	0.897514	8.12768	8.47663	7.31887
-15.6	1.24128	1.01721	0.897506	8.12285	8.4703	7.3143
-15	1.24129	1.01696	0.897495	8.11804	8.46402	7.30974
-14.4	1.24131	1.01671	0.897481	8.11326	8.45779	7.30518
-13.8	1.24132	1.01645	0.897462	8.10852	8.4516	7.30063
-13.2	1.24132	1.0162	0.897441	8.1038	8.44546	7.29608
-12.6	1.24133	1.01594	0.897415	8.09912	8.43936	7.29153
-12	1.24133	1.01569	0.897386	8.09447	8.43331	7.28698
-11.4	1.24133	1.01543	0.897353	8.08985	8.42731	7.28243
-10.8	1.24133	1.01517	0.897316	8.08526	8.42136	7.27789
-10.2	1.24133	1.01491	0.897276	8.0807	8.41545	7.27335
-9.6	1.24132	1.01465	0.897232	8.07617	8.40958	7.26882
-9	1.24131	1.01438	0.897184	8.07168	8.40377	7.26428
-8.4	1.2413	1.01412	0.897132	8.06721	8.398	7.25975
-7.8	1.24129	1.01385	0.897077	8.06278	8.39228	7.25523
-7.2	1.24127	1.01359	0.897018	8.05838	8.3866	7.2507
-6.6	1.24126	1.01332	0.896955	8.05401	8.38098	7.24618
-6	1.24124	1.01305	0.896888	8.04967	8.3754	7.24166
-5.4	1.24121	1.01278	0.896818	8.04536	8.36987	7.23714
-4.8	1.24119	1.0125	0.896744	8.04109	8.36438	7.23263
-4.2	1.24116	1.01223	0.896665	8.03685	8.35894	7.22812
-3.6	1.24113	1.01195	0.896583	8.03264	8.35356	7.22361
-3	1.2411	1.01168	0.896497	8.02846	8.34821	7.2191
-2.4	1.24106	1.0114	0.896408	8.02431	8.34292	7.2146
-1.8	1.24103	1.01112	0.896314	8.02019	8.33767	7.2101
-1.2	1.24099	1.01084	0.896216	8.01611	8.33248	7.2056
-0.6	1.24094	1.01055	0.896115	8.01206	8.32733	7.20111
0	1.2409	1.01027	0.896009	8.00804	8.32223	7.19662
0.6	1.24085	1.00998	0.8959	8.00406	8.31718	7.19213
1.2	1.2408	1.00969	0.895786	8.0001	8.31217	7.18765
1.8	1.24074	1.0094	0.895668	7.99618	8.30722	7.18316
2.4	1.24068	1.00911	0.895547	7.99229	8.30231	7.17868
3	1.24062	1.00882	0.895421	7.98843	8.29745	7.17421
3.6	1.24056	1.00852	0.895291	7.98461	8.29264	7.16973
4.2	1.2405	1.00823	0.895157	7.98081	8.28788	7.16526
4.8	1.24043	1.00793	0.895019	7.97705	8.28317	7.16079
5.4	1.24035	1.00763	0.894877	7.97333	8.27851	7.15633
6	1.24028	1.00732	0.894731	7.96963	8.27389	7.15187
6.6	1.2402	1.00702	0.89458	7.96597	8.26933	7.14741
7.2	1.24012	1.00671	0.894425	7.96234	8.26482	7.14295
7.8	1.24004	1.00641	0.894266	7.95874	8.26035	7.1385
8.4	1.23995	1.00609	0.894103	7.95518	8.25593	7.13405
9	1.23986	1.00578	0.893935	7.95165	8.25157	7.1296
9.6	1.23976	1.00547	0.893763	7.94815	8.24725	7.12515
10.2	1.23967	1.00515	0.893587	7.94468	8.24299	7.12071
10.8	1.23957	1.00483	0.893407	7.94125	8.23877	7.11627
11.4	1.23946	1.00451	0.893222	7.93785	8.2346	7.11184
12	1.23936	1.00419	0.893033	7.93449	8.23048	7.1074
12.6	1.23925	1.00386	0.892839	7.93115	8.22642	7.10297
13.2	1.23913	1.00353	0.892641	7.92785	8.2224	7.09855
13.8	1.23902	1.0032	0.892439	7.92459	8.21843	7.09412
14.4	1.2389	1.00287	0.892232	7.92135	8.21452	7.0897
15	1.23877	1.00254	0.89202	7.91815	8.21065	7.08528
15.6	1.23864	1.0022	0.891805	7.91498	8.20683	7.08087
16.2	1.23851	1.00186	0.891584	7.91185	8.20307	7.07646
16.8	1.23838	1.00152	0.89136	7.90875	8.19935	7.07205
17.4	1.23824	1.00117	0.89113	7.90568	8.19569	7.06764
18	1.2381	1.00082	0.890897	7.90265	8.19207	7.06324
18.6	1.23796	1.00047	0.890658	7.89965	8.18851	7.05884
19.2	1.23781	1.00012	0.890416	7.89668	8.185	7.05444
19.8	1.23765	0.999767	0.890168	7.89375	8.18154	7.05005
20.4	1.2375	0.99941	0.889916	7.89085	8.17813	7.04566
21	1.23734	0.999049	0.88966	7.88798	8.17477	7.04127
21.6	1.23718	0.998686	0.889399	7.88515	8.17146	7.03688
22.2	1.23701	0.998321	0.889133	7.88235	8.1682	7.0325
22.8	1.23684	0.997952	0.888863	7.87959	8.16499	7.02812
23.4	1.23666	0.997581	0.888588	7.87686	8.16184	7.02375
24	1.23649	0.997207	0.888309	7.87416	8.15874	7.01938
24.6	1.2363	0.99683	0.888025	7.8715	8.15568	7.01501
25.2	1.23612	0.99645	0.887737	7.86887	8.15268	7.01064
25.8	1.23593	0.996068	0.887444	7.86627	8.14973	7.00628
26.4	1.23574	0.995683	0.887146	7.86371	8.14684	7.00192
27	1.23554	0.995294	0.886844	7.86118	8.14399	6.99756
27.6	1.23534	0.994903	0.886537	7.85869	8.14119	6.99321
28.2	1.23514	0.994509	0.886226	7.85623	8.13845	6.98886
28.8	1.23493	0.994113	0.88591	7.85381	8.13576	6.98451
29.4	1.23472	0.993713	0.88559	7.85142	8.13312	6.98016
30	1.2345	0.99331	0.885265	7.84906	8.13053	6.97582
30.6	1.23429	0.992904	0.884936	7.84674	8.128	6.97148
31.2	1.23406	0.992496	0.884603	7.84445	8.12551	6.96715
31.8	1.23384	0.992084	0.884265	7.84219	8.12308	6.96282
32.4	1.23361	0.99167	0.883922	7.83997	8.1207	6.95849
33	1.23337	0.991253	0.883576	7.83779	8.11837	6.95416
33.6	1.23314	0.990832	0.883225	7.83564	8.1161	6.94984
34.2	1.2329	0.990409	0.882869	7.83352	8.11387	6.94552
34.8	1.23265	0.989983	0.88251	7.83144	8.1117	6.9412
35.4	1.23241	0.989554	0.882146	7.82939	8.10958	6.93689
36	1.23216	0.989122	0.881778	7.82737	8.10752	6.93258
36.6	1.2319	0.988687	0.881406	7.82539	8.1055	6.92828
37.2	1.23164	0.98825	0.881029	7.82345	8.10354	6.92397
37.8	1.23138	0.987809	0.880649	7.82154	8.10163	6.91967
38.4	1.23112	0.987366	0.880265	7.81966	8.09977	6.91538
39	1.23085	0.98692	0.879877	7.81782	8.09797	6.91108
39.6	1.23058	0.986471	0.879484	7.81601	8.09621	6.90679
40.2	1.23031	0.986019	0.879088	7.81424	8.09451	6.9025
40.8	1.23003	0.985565	0.878689	7.8125	8.09287	6.89822
41.4	1.22975	0.985108	0.878285	7.8108	8.09127	6.89394
42	1.22947	0.984648	0.877878	7.80913	8.08973	6.88966
42.6	1.22918	0.984186	0.877467	7.8075	8.08824	6.88539
43.2	1.22889	0.983721	0.877052	7.8059	8.0868	6.88112
43.8	1.2286	0.983253	0.876635	7.80434	8.08542	6.87685
44.4	1.2283	0.982783	0.876213	7.80281	8.08409	6.87259
45	1.22801	0.982311	0.875789	7.80131	8.08281	6.86832
45.6	1.22771	0.981836	0.875361	7.79985	8.08159	6.86407
46.2	1.2274	0.981358	0.874929	7.79843	8.08041	6.85981
46.8	1.2271	0.980879	0.874495	7.79704	8.07929	6.85556
47.4	1.22679	0.980396	0.874058	7.79569	8.07823	6.85131
48	1.22648	0.979912	0.873617	7.79437	8.07721	6.84707
48.6	1.22616	0.979425	0.873174	7.79308	8.07625	6.84283
49.2	1.22585	0.978936	0.872728	7.79183	8.07534	6.83859
49.8	1.22553	0.978445	0.872279	7.79061	8.07449	6.83435
50.4	1.22521	0.977952	0.871827	7.78943	8.07368	6.83012
51	1.22489	0.977457	0.871373	7.78829	8.07294	6.8259
51.6	1.22456	0.97696	0.870916	7.78718	8.07224	6.82167
52.2	1.22424	0.97646	0.870457	7.7861	8.0716	6.81745
52.8	1.22391	0.975959	0.869995	7.78506	8.07101	6.81323
53.4	1.22358	0.975456	0.869532	7.78406	8.07047	6.80902
54	1.22325	0.974952	0.869066	7.78309	8.06998	6.80481
54.6	1.22291	0.974445	0.868597	7.78215	8.06955	6.8006
55.2	1.22258	0.973937	0.868127	7.78125	8.06917	6.79639
55.8	1.22224	0.973427	0.867655	7.78039	8.06885	6.79219
56.4	1.2219	0.972916	0.867181	7.77956	8.06858	6.788
57	1.22156	0.972403	0.866705	7.77876	8.06836	6.7838
57.6	1.22122	0.971889	0.866228	7.778	8.06819	6.77961
58.2	1.22087	0.971373	0.865749	7.77728	8.06808	6.77542
58.8	1.22053	0.970855	0.865268	7.77659	8.06802	6.77124
59.4	1.22018	0.970337	0.864787	7.77593	8.06801	6.76706

