-85	85	3.05501	2.24998	6.11003	10.7376
-84.15	84.15	3.05495	2.24986	6.10714	10.7294
-83.3	83.3	3.05488	2.24974	6.10428	10.7212
-82.45	82.45	3.05482	2.24962	6.10147	10.7131
-81.6	81.6	3.05476	2.2495	6.09869	10.705
-80.75	80.75	3.0547	2.24938	6.09595	10.6969
-79.9	79.9	3.05465	2.24926	6.09324	10.6889
-79.05	79.05	3.0546	2.24914	6.09057	10.6809
-78.2	78.2	3.05454	2.24902	6.08794	10.673
-77.35	77.35	3.0545	2.2489	6.08535	10.6651
-76.5	76.5	3.05445	2.24877	6.0828	10.6572
-75.65	75.65	3.05441	2.24865	6.08028	10.6494
-74.8	74.8	3.05436	2.24853	6.0778	10.6417
-73.95	73.95	3.05432	2.24841	6.07536	10.634
-73.1	73.1	3.05429	2.24828	6.07295	10.6263
-72.25	72.25	3.05425	2.24816	6.07058	10.6187
-71.4	71.4	3.05422	2.24804	6.06826	10.6111
-70.55	70.55	3.05419	2.24791	6.06596	10.6036
-69.7	69.7	3.05417	2.24779	6.06371	10.5961
-68.85	68.85	3.05415	2.24767	6.06149	10.5886
-68	68	3.05413	2.24754	6.05932	10.5812
-67.15	67.15	3.05411	2.24742	6.05718	10.5738
-66.3	66.3	3.05409	2.2473	6.05507	10.5665
-65.45	65.45	3.05408	2.24717	6.05301	10.5593
-64.6	64.6	3.05408	2.24705	6.05098	10.552
-63.75	63.75	3.05407	2.24692	6.049	10.5448
-62.9	62.9	3.05407	2.2468	6.04705	10.5377
-62.05	62.05	3.05407	2.24668	6.04513	10.5306
-61.2	61.2	3.05408	2.24655	6.04326	10.5236
-60.35	60.35	3.05408	2.24643	6.04143	10.5166
-59.5	59.5	3.0541	2.2463	6.03963	10.5096
-58.65	58.65	3.05411	2.24618	6.03787	10.5027
-57.8	57.8	3.05413	2.24606	6.03615	10.4958
-56.95	56.95	3.05416	2.24593	6.03447	10.489
-56.1	56.1	3.05418	2.24581	6.03282	10.4822
-55.25	55.25	3.05421	2.24569	6.03122	10.4755
-54.4	54.4	3.05425	2.24556	6.02965	10.4688
-53.55	53.55	3.05429	2.24544	6.02813	10.4622
-52.7	52.7	3.05433	2.24532	6.02664	10.4556
-51.85	51.85	3.05438	2.24519	6.02518	10.449
-51	51	3.05443	2.24507	6.02377	10.4425
-50.15	50.15	3.05448	2.24495	6.0224	10.4361
-49.3	49.3	3.05454	2.24483	6.02106	10.4297
-48.45	48.45	3.05461	2.24471	6.01977	10.4233
-47.6	47.6	3.05468	2.24458	6.01851	10.417
-46.75	46.75	3.05475	2.24446	6.01729	10.4107
-45.9	45.9	3.05483	2.24434	6.01611	10.4045
-45.05	45.05	3.05491	2.24422	6.01497	10.3983
-44.2	44.2	3.055	2.2441	6.01387	10.3922
-43.35	43.35	3.05509	2.24398	6.0128	10.3861
-42.5	42.5	3.05519	2.24386	6.01178	10.3801
-41.65	41.65	3.05529	2.24374	6.01079	10.3741
-40.8	40.8	3.0554	2.24363	6.00984	10.3681
-39.95	39.95	3.05551	2.24351	6.00893	10.3622
-39.1	39.1	3.05563	2.24339	6.00807	10.3564
-38.25	38.25	3.05575	2.24327	6.00723	10.3506
-37.4	37.4	3.05588	2.24316	6.00644	10.3448
-36.55	36.55	3.05601	2.24304	6.00569	10.3391
-35.7	35.7	3.05615	2.24292	6.00498	10.3335
-34.85	34.85	3.05629	2.24281	6.0043	10.3278
-34	34	3.05644	2.2427	6.00367	10.3223
-33.15	33.15	3.0566	2.24258	6.00307	10.3168
-32.3	32.3	3.05676	2.24247	6.00251	10.3113
-31.45	31.45	3.05692	2.24236	6.00199	10.3059
-30.6	30.6	3.05709	2.24224	6.00151	10.3005
-29.75	29.75	3.05727	2.24213	6.00107	10.2952
-28.9	28.9	3.05746	2.24202	6.00067	10.2899
-28.05	28.05	3.05765	2.24191	6.00031	10.2847
-27.2	27.2	3.05784	2.2418	5.99998	10.2795
-26.35	26.35	3.05804	2.2417	5.9997	10.2744
-25.5	25.5	3.05825	2.24159	5.99945	10.2693
-24.65	24.65	3.05846	2.24148	5.99925	10.2642
-23.8	23.8	3.05868	2.24137	5.99908	10.2593
-22.95	22.95	3.05891	2.24127	5.99895	10.2543
-22.1	22.1	3.05914	2.24117	5.99886	10.2494
-21.25	21.25	3.05938	2.24106	5.99881	10.2446
-20.4	20.4	3.05963	2.24096	5.9988	10.2398
-19.55	19.55	3.05988	2.24086	5.99883	10.2351
-18.7	18.7	3.06013	2.24076	5.9989	10.2304
-17.85	17.85	3.0604	2.24066	5.999	10.2257
-17	17	3.06067	2.24056	5.99915	10.2211
-16.15	16.15	3.06095	2.24046	5.99933	10.2166
-15.3	15.3	3.06123	2.24036	5.99956	10.2121
-14.45	14.45	3.06152	2.24027	5.99982	10.2076
-13.6	13.6	3.06181	2.24017	6.00012	10.2033
-12.75	12.75	3.06212	2.24008	6.00046	10.1989
-11.9	11.9	3.06243	2.23998	6.00084	10.1946
-11.05	11.05	3.06274	2.23989	6.00126	10.1904
-10.2	10.2	3.06307	2.2398	6.00172	10.1862
-9.35	9.35	3.06339	2.23971	6.00222	10.182
-8.5	8.5	3.06373	2.23962	6.00275	10.1779
-7.65	7.65	3.06407	2.23953	6.00333	10.1739
-6.8	6.8	3.06442	2.23945	6.00394	10.1699
-5.95	5.95	3.06478	2.23936	6.0046	10.1659
-5.1	5.1	3.06514	2.23928	6.00529	10.162
-4.25	4.25	3.06551	2.23919	6.00602	10.1582
-3.4	3.4	3.06588	2.23911	6.00679	10.1544
-2.55	2.55	3.06626	2.23903	6.0076	10.1506
-1.7	1.7	3.06665	2.23895	6.00845	10.1469
-0.85	0.85	3.06704	2.23887	6.00933	10.1433
0	0	3.06744	2.2388	6.01026	10.1397
0.85	-0.85	3.06785	2.23872	6.01122	10.1361
1.7	-1.7	3.06826	2.23865	6.01223	10.1326
2.55	-2.55	3.06868	2.23857	6.01327	10.1292
3.4	-3.4	3.06911	2.2385	6.01435	10.1258
4.25	-4.25	3.06954	2.23843	6.01547	10.1224
5.1	-5.1	3.06998	2.23836	6.01663	10.1191
5.95	-5.95	3.07042	2.23829	6.01783	10.1159
6.8	-6.8	3.07087	2.23822	6.01906	10.1127
7.65	-7.65	3.07132	2.23816	6.02034	10.1095
8.5	-8.5	3.07178	2.2381	6.02165	10.1065
9.35	-9.35	3.07225	2.23803	6.02301	10.1034
10.2	-10.2	3.07272	2.23797	6.0244	10.1004
11.05	-11.05	3.0732	2.23791	6.02583	10.0975
11.9	-11.9	3.07368	2.23785	6.02729	10.0946
12.75	-12.75	3.07417	2.2378	6.0288	10.0918
13.6	-13.6	3.07466	2.23774	6.03035	10.089
14.45	-14.45	3.07516	2.23769	6.03193	10.0862
15.3	-15.3	3.07567	2.23763	6.03355	10.0835
16.15	-16.15	3.07618	2.23758	6.03521	10.0809
17	-17	3.07669	2.23753	6.03691	10.0783
17.85	-17.85	3.07721	2.23748	6.03865	10.0758
18.7	-18.7	3.07773	2.23744	6.04042	10.0733
19.55	-19.55	3.07825	2.23739	6.04224	10.0709
20.4	-20.4	3.07879	2.23735	6.04409	10.0685
21.25	-21.25	3.07932	2.23731	6.04598	10.0662
22.1	-22.1	3.07986	2.23727	6.04791	10.0639
22.95	-22.95	3.0804	2.23723	6.04988	10.0617
23.8	-23.8	3.08095	2.23719	6.05188	10.0595
24.65	-24.65	3.0815	2.23715	6.05392	10.0574
25.5	-25.5	3.08205	2.23712	6.056	10.0553
26.35	-26.35	3.08261	2.23709	6.05812	10.0533
27.2	-27.2	3.08316	2.23705	6.06028	10.0514
28.05	-28.05	3.08373	2.23702	6.06248	10.0495
28.9	-28.9	3.08429	2.237	6.06471	10.0476
29.75	-29.75	3.08486	2.23697	6.06698	10.0458
30.6	-30.6	3.08543	2.23694	6.06929	10.044
31.45	-31.45	3.086	2.23692	6.07163	10.0423
32.3	-32.3	3.08657	2.2369	6.07402	10.0407
33.15	-33.15	3.08714	2.23688	6.07644	10.0391
34	-34	3.08772	2.23686	6.0789	10.0375
34.85	-34.85	3.0883	2.23684	6.08139	10.036
35.7	-35.7	3.08888	2.23683	6.08393	10.0346
36.55	-36.55	3.08946	2.23682	6.0865	10.0332
37.4	-37.4	3.09004	2.2368	6.08911	10.0318
38.25	-38.25	3.09062	2.23679	6.09176	10.0306
39.1	-39.1	3.0912	2.23679	6.09444	10.0293
39.95	-39.95	3.09178	2.23678	6.09716	10.0281
40.8	-40.8	3.09236	2.23677	6.09992	10.027
41.65	-41.65	3.09294	2.23677	6.10272	10.0259
42.5	-42.5	3.09352	2.23677	6.10555	10.0249
43.35	-43.35	3.0941	2.23677	6.10842	10.0239
44.2	-44.2	3.09468	2.23677	6.11132	10.023
45.05	-45.05	3.09526	2.23677	6.11427	10.0221
45.9	-45.9	3.09583	2.23678	6.11725	10.0213
46.75	-46.75	3.09641	2.23678	6.12027	10.0205
47.6	-47.6	3.09698	2.23679	6.12332	10.0198
48.45	-48.45	3.09755	2.2368	6.12641	10.0192
49.3	-49.3	3.09812	2.23682	6.12954	10.0185
50.15	-50.15	3.09868	2.23683	6.1327	10.018
51	-51	3.09925	2.23684	6.13591	10.0175
51.85	-51.85	3.09981	2.23686	6.13914	10.017
52.7	-52.7	3.10036	2.23688	6.14242	10.0166
53.55	-53.55	3.10092	2.2369	6.14573	10.0163
54.4	-54.4	3.10147	2.23692	6.14908	10.016
55.25	-55.25	3.10201	2.23695	6.15246	10.0157
56.1	-56.1	3.10256	2.23697	6.15588	10.0155
56.95	-56.95	3.1031	2.237	6.15933	10.0154
57.8	-57.8	3.10363	2.23703	6.16283	10.0153
58.65	-58.65	3.10416	2.23706	6.16635	10.0153
59.5	-59.5	3.10469	2.23709	6.16992	10.0153
60.35	-60.35	3.10521	2.23713	6.17352	10.0154
61.2	-61.2	3.10572	2.23716	6.17715	10.0155
62.05	-62.05	3.10623	2.2372	6.18082	10.0156
62.9	-62.9	3.10674	2.23724	6.18453	10.0159
63.75	-63.75	3.10724	2.23728	6.18827	10.0161
64.6	-64.6	3.10773	2.23732	6.19205	10.0165
65.45	-65.45	3.10822	2.23737	6.19587	10.0169
66.3	-66.3	3.1087	2.23741	6.19972	10.0173
67.15	-67.15	3.10918	2.23746	6.2036	10.0178
68	-68	3.10965	2.23751	6.20752	10.0183
68.85	-68.85	3.11011	2.23756	6.21148	10.0189
69.7	-69.7	3.11057	2.23762	6.21547	10.0196
70.55	-70.55	3.11101	2.23767	6.21949	10.0203
71.4	-71.4	3.11146	2.23773	6.22355	10.021
72.25	-72.25	3.11189	2.23779	6.22765	10.0218
73.1	-73.1	3.11232	2.23785	6.23178	10.0227
73.95	-73.95	3.11274	2.23791	6.23595	10.0236
74.8	-74.8	3.11315	2.23797	6.24015	10.0245
75.65	-75.65	3.11356	2.23804	6.24438	10.0255
76.5	-76.5	3.11396	2.2381	6.24865	10.0266
77.35	-77.35	3.11435	2.23817	6.25296	10.0277
78.2	-78.2	3.11473	2.23824	6.2573	10.0289
79.05	-79.05	3.1151	2.23831	6.26167	10.0301
79.9	-79.9	3.11547	2.23839	6.26608	10.0313
80.75	-80.75	3.11582	2.23846	6.27052	10.0327
81.6	-81.6	3.11617	2.23854	6.275	10.034
82.45	-82.45	3.11651	2.23862	6.27951	10.0355
83.3	-83.3	3.11685	2.2387	6.28405	10.0369
84.15	-84.15	3.11717	2.23878	6.28863	10.0385

