-100	100	3.07739	2.26181	6.141	11.098
-99	99	3.07708	2.26148	6.13534	11.087
-98	98	3.07677	2.26115	6.12978	11.076
-97	97	3.07646	2.26082	6.12429	11.065
-96	96	3.07615	2.26049	6.11889	11.0541
-95	95	3.07584	2.26015	6.11357	11.0432
-94	94	3.07553	2.25982	6.10833	11.0323
-93	93	3.07523	2.2595	6.10318	11.0214
-92	92	3.07493	2.25917	6.09812	11.0106
-91	91	3.07463	2.25884	6.09313	10.9998
-90	90	3.07433	2.25851	6.08824	10.989
-89	89	3.07403	2.25819	6.08343	10.9782
-88	88	3.07374	2.25786	6.0787	10.9675
-87	87	3.07344	2.25754	6.07406	10.9568
-86	86	3.07315	2.25722	6.0695	10.9461
-85	85	3.07287	2.25689	6.06503	10.9355
-84	84	3.07258	2.25657	6.06064	10.9249
-83	83	3.0723	2.25626	6.05634	10.9143
-82	82	3.07202	2.25594	6.05213	10.9037
-81	81	3.07174	2.25562	6.048	10.8932
-80	80	3.07146	2.25531	6.04396	10.8827
-79	79	3.07119	2.255	6.04001	10.8722
-78	78	3.07092	2.25469	6.03615	10.8618
-77	77	3.07066	2.25438	6.03237	10.8514
-76	76	3.0704	2.25407	6.02868	10.841
-75	75	3.07014	2.25377	6.02507	10.8306
-74	74	3.06988	2.25346	6.02155	10.8203
-73	73	3.06963	2.25316	6.01813	10.81
-72	72	3.06939	2.25286	6.01478	10.7997
-71	71	3.06914	2.25257	6.01153	10.7894
-70	70	3.0689	2.25227	6.00837	10.7792
-69	69	3.06867	2.25198	6.00529	10.769
-68	68	3.06844	2.25169	6.0023	10.7589
-67	67	3.06821	2.2514	5.9994	10.7487
-66	66	3.06799	2.25112	5.99659	10.7386
-65	65	3.06777	2.25083	5.99387	10.7285
-64	64	3.06756	2.25055	5.99124	10.7185
-63	63	3.06735	2.25028	5.98869	10.7085
-62	62	3.06715	2.25	5.98624	10.6985
-61	61	3.06695	2.24973	5.98387	10.6885
-60	60	3.06675	2.24946	5.9816	10.6786
-59	59	3.06657	2.24919	5.97941	10.6687
-58	58	3.06638	2.24893	5.97731	10.6588
-57	57	3.0662	2.24867	5.97531	10.649
-56	56	3.06603	2.24841	5.97339	10.6392
-55	55	3.06586	2.24815	5.97156	10.6294
-54	54	3.0657	2.2479	5.96982	10.6196
-53	53	3.06555	2.24765	5.96818	10.6099
-52	52	3.0654	2.2474	5.96662	10.6002
-51	51	3.06525	2.24716	5.96515	10.5905
-50	50	3.06511	2.24691	5.96377	10.5809
-49	49	3.06498	2.24668	5.96249	10.5713
-48	48	3.06485	2.24644	5.96129	10.5617
-47	47	3.06473	2.24621	5.96018	10.5522
-46	46	3.06462	2.24598	5.95917	10.5427
-45	45	3.06451	2.24575	5.95824	10.5332
-44	44	3.06441	2.24553	5.95741	10.5238
-43	43	3.06431	2.24531	5.95667	10.5143
-42	42	3.06423	2.24509	5.95601	10.5049
-41	41	3.06414	2.24488	5.95545	10.4956
-40	40	3.06407	2.24467	5.95498	10.4863
-39	39	3.064	2.24446	5.9546	10.477
-38	38	3.06394	2.24426	5.95431	10.4677
-37	37	3.06388	2.24405	5.95411	10.4585
-36	36	3.06384	2.24386	5.954	10.4493
-35	35	3.0638	2.24366	5.95398	10.4401
-34	34	3.06376	2.24347	5.95405	10.431
-33	33	3.06374	2.24328	5.95422	10.4219
-32	32	3.06372	2.2431	5.95447	10.4128
-31	31	3.06371	2.24291	5.95482	10.4037
-30	30	3.0637	2.24273	5.95525	10.3947
-29	29	3.06371	2.24256	5.95578	10.3858
-28	28	3.06372	2.24239	5.95639	10.3768
-27	27	3.06374	2.24222	5.9571	10.3679
-26	26	3.06376	2.24205	5.9579	10.359
-25	25	3.0638	2.24189	5.95879	10.3502
-24	24	3.06384	2.24173	5.95977	10.3413
-23	23	3.06389	2.24157	5.96084	10.3326
-22	22	3.06395	2.24142	5.962	10.3238
-21	21	3.06401	2.24126	5.96325	10.3151
-20	20	3.06409	2.24112	5.96459	10.3064
-19	19	3.06417	2.24097	5.96602	10.2977
-18	18	3.06426	2.24083	5.96754	10.2891
-17	17	3.06436	2.24069	5.96916	10.2805
-16	16	3.06447	2.24056	5.97086	10.272
-15	15	3.06459	2.24042	5.97265	10.2635
-14	14	3.06472	2.2403	5.97453	10.255
-13	13	3.06485	2.24017	5.9765	10.2465
-12	12	3.065	2.24005	5.97856	10.2381
-11	11	3.06515	2.23993	5.98071	10.2297
-10	10	3.06531	2.23981	5.98295	10.2214
-9	9	3.06548	2.23969	5.98528	10.213
-8	8	3.06566	2.23958	5.9877	10.2047
-7	7	3.06585	2.23947	5.99021	10.1965
-6	6	3.06605	2.23937	5.99281	10.1883
-5	5	3.06626	2.23927	5.9955	10.1801
-4	4	3.06647	2.23917	5.99827	10.1719
-3	3	3.0667	2.23907	6.00114	10.1638
-2	2	3.06694	2.23898	6.00409	10.1557
-1	1	3.06719	2.23888	6.00713	10.1477
0	0	3.06744	2.2388	6.01026	10.1397
1	-1	3.06771	2.23871	6.01348	10.1317
2	-2	3.06799	2.23863	6.01678	10.1237
3	-3	3.06828	2.23855	6.02018	10.1158
4	-4	3.06857	2.23847	6.02366	10.1079
5	-5	3.06888	2.2384	6.02723	10.1001
6	-6	3.0692	2.23832	6.03089	10.0923
7	-7	3.06953	2.23825	6.03463	10.0845
8	-8	3.06987	2.23819	6.03846	10.0768
9	-9	3.07022	2.23812	6.04238	10.0691
10	-10	3.07058	2.23806	6.04639	10.0614
11	-11	3.07096	2.238	6.05048	10.0538
12	-12	3.07134	2.23795	6.05466	10.0462
13	-13	3.07174	2.2379	6.05892	10.0386
14	-14	3.07215	2.23784	6.06327	10.0311
15	-15	3.07257	2.2378	6.06771	10.0236
16	-16	3.073	2.23775	6.07223	10.0162
17	-17	3.07344	2.23771	6.07684	10.0087
18	-18	3.07389	2.23767	6.08153	10.0014
19	-19	3.07436	2.23763	6.08631	9.99401
20	-20	3.07484	2.23759	6.09117	9.9867
21	-21	3.07533	2.23756	6.09612	9.97943
22	-22	3.07583	2.23753	6.10116	9.97219
23	-23	3.07635	2.2375	6.10627	9.96498
24	-24	3.07688	2.23747	6.11147	9.95782
25	-25	3.07742	2.23744	6.11676	9.95069
26	-26	3.07797	2.23742	6.12213	9.9436
27	-27	3.07854	2.2374	6.12758	9.93654
28	-28	3.07912	2.23738	6.13312	9.92952
29	-29	3.07971	2.23737	6.13874	9.92254
30	-30	3.08032	2.23735	6.14444	9.91559
31	-31	3.08094	2.23734	6.15022	9.90868
32	-32	3.08157	2.23733	6.15609	9.90181
33	-33	3.08222	2.23732	6.16204	9.89497
34	-34	3.08288	2.23732	6.16807	9.88817
35	-35	3.08356	2.23732	6.17418	9.88141
36	-36	3.08425	2.23731	6.18037	9.87469
37	-37	3.08495	2.23731	6.18665	9.868
38	-38	3.08567	2.23732	6.193	9.86135
39	-39	3.08641	2.23732	6.19944	9.85474
40	-40	3.08716	2.23732	6.20596	9.84816
41	-41	3.08792	2.23733	6.21255	9.84162
42	-42	3.0887	2.23734	6.21923	9.83512
43	-43	3.08949	2.23735	6.22599	9.82866
44	-44	3.0903	2.23736	6.23282	9.82224
45	-45	3.09113	2.23738	6.23974	9.81585
46	-46	3.09197	2.23739	6.24673	9.8095
47	-47	3.09282	2.23741	6.2538	9.80319
48	-48	3.0937	2.23743	6.26095	9.79692
49	-49	3.09458	2.23745	6.26818	9.79069
50	-50	3.09549	2.23747	6.27549	9.78449
51	-51	3.09641	2.23749	6.28287	9.77834
52	-52	3.09735	2.23751	6.29033	9.77222
53	-53	3.0983	2.23754	6.29787	9.76614
54	-54	3.09927	2.23756	6.30548	9.7601
55	-55	3.10026	2.23759	6.31318	9.75409
56	-56	3.10126	2.23762	6.32094	9.74813
57	-57	3.10229	2.23765	6.32879	9.7422
58	-58	3.10333	2.23768	6.33671	9.73632
59	-59	3.10438	2.23771	6.3447	9.73047
60	-60	3.10546	2.23774	6.35277	9.72466
61	-61	3.10655	2.23777	6.36091	9.71889
62	-62	3.10766	2.23781	6.36913	9.71316
63	-63	3.10879	2.23784	6.37742	9.70747
64	-64	3.10993	2.23788	6.38579	9.70182
65	-65	3.1111	2.23791	6.39423	9.6962
66	-66	3.11228	2.23795	6.40274	9.69063
67	-67	3.11348	2.23799	6.41133	9.6851
68	-68	3.1147	2.23803	6.41999	9.6796
69	-69	3.11594	2.23806	6.42872	9.67415
70	-70	3.1172	2.2381	6.43752	9.66873
71	-71	3.11848	2.23814	6.4464	9.66336
72	-72	3.11977	2.23818	6.45534	9.65802
73	-73	3.12109	2.23822	6.46436	9.65272
74	-74	3.12242	2.23826	6.47345	9.64747
75	-75	3.12378	2.2383	6.48261	9.64225
76	-76	3.12515	2.23834	6.49184	9.63708
77	-77	3.12654	2.23838	6.50114	9.63194
78	-78	3.12796	2.23842	6.51051	9.62685
79	-79	3.12939	2.23846	6.51994	9.62179
80	-80	3.13084	2.2385	6.52945	9.61678
81	-81	3.13231	2.23854	6.53903	9.6118
82	-82	3.1338	2.23858	6.54867	9.60687
83	-83	3.13532	2.23862	6.55839	9.60197
84	-84	3.13685	2.23866	6.56817	9.59712
85	-85	3.1384	2.2387	6.57802	9.59231
86	-86	3.13997	2.23874	6.58793	9.58754
87	-87	3.14156	2.23877	6.59792	9.58281
88	-88	3.14318	2.23881	6.60797	9.57812
89	-89	3.14481	2.23885	6.61808	9.57347
90	-90	3.14646	2.23888	6.62827	9.56886
91	-91	3.14813	2.23892	6.63851	9.56429
92	-92	3.14982	2.23895	6.64883	9.55977
93	-93	3.15154	2.23899	6.65921	9.55528
94	-94	3.15327	2.23902	6.66965	9.55084
95	-95	3.15502	2.23905	6.68016	9.54643
96	-96	3.15679	2.23908	6.69073	9.54207
97	-97	3.15858	2.23911	6.70137	9.53775
98	-98	3.16039	2.23914	6.71207	9.53347
99	-99	3.16223	2.23917	6.72283	9.52924

