0 36.3116
1 29.4992
2 18.645
3 12.8812
4 10.0402
5 8.2699
6 7.19597
7 6.42202
8 6.21216
9 5.97432
10 6.23329
11 6.20303
12 6.40045
13 7.69205
14 9.05275
15 10.4024
16 8.33842
17 8.18661
18 10.1966
19 10.8207
20 10.1015
21 10.2326
22 13.5674
23 15.8218
24 10.846
25 11.0916
26 10.1079
27 10.3049
28 10.2706
29 9.12997
30 9.44764
31 9.43878
32 9.34998
33 12.7743
34 13.3119
35 9.69089
36 9.11526
37 7.73675
38 8.30203
39 8.13447
40 9.60014
41 11.0025
42 12.395
43 18.1043
44 16.5553
45 15.1611
46 12.5347
47 9.63932
48 11.301
49 9.505
50 8.86747
51 10.5287
52 10.4571
53 8.85002
54 7.34712
55 6.74415
56 7.22312
57 7.72943
58 10.2765
59 13.0697
60 15.1252
61 21.8942
62 20.2141
63 13.3664
64 10.096
65 8.22751
66 8.19824
67 7.2495
68 7.63085
69 8.1683
70 9.03258
71 11.0381
72 12.0294
73 15.2785
74 15.3233
75 20.7044
76 13.7817
77 12.6361
78 15.0568
79 12.5781
80 9.78484
81 10.5477
82 10.7562
83 8.84544
84 8.22812
85 10.1542
86 11.6925
87 21.1225
88 18.2531
89 14.996
90 11.8019
91 9.38023
92 9.9701
93 9.46859
94 9.31885
95 9.21546
96 9.48857
97 10.7021
98 9.72516
99 11.9844
100 11.6828
101 15.6402
102 22.5079
103 18.648
104 19.6513
105 15.3642
106 12.331
107 11.3907
108 8.98725
109 8.4421
110 7.39509
111 7.47031
112 8.077
113 9.58671
114 12.4704
115 14.5521
116 13.1955
117 14.2733
118 11.3309
119 11.8432
120 10.2185
121 8.95999
122 9.99037
123 10.7192
124 10.6003
125 8.10951
126 8.11295
127 9.46299
128 8.10808
129 7.19098
130 8.16399
131 9.11109
132 8.07762
133 7.96662
134 10.4917
135 10.8095
136 9.58224
137 11.0335
138 9.3769
139 12.777
140 14.7347
141 14.9537
142 10.4024
143 10.4831
144 13.8352
145 10.8912
146 8.94301
147 11.2465
148 13.3526
149 10.7302
150 13.1313
151 11.6128
152 13.6901
153 18.7597
154 15.7082
155 18.852
156 21.9094
157 23.6305
158 15.4784
159 15.3044
160 20.3072
161 15.6579
162 12.1776
163 15.4605
164 19.7288
165 13.2847
166 12.8684
167 21.9416
168 28.0699
