    k=6      k=7      k=8       k=9
0 0.17306 0.0106177 0.0140044 0.00962587
1 0.0223033 0.00937737 0.00306115 0.00121501
2 0.000749876 0.00148573 0.000628633 0.000265295
3 7.30269e-05 0.000635263 0.000181293 0.000130013
4 4.91373e-07 0.000218299 5.58476e-05 0.000144565
5 2.34354e-05 7.41527e-05 8.02236e-05 2.86603e-05
6 3.89308e-05 5.4637e-06 2.24877e-05 2.02594e-05
7 4.15466e-05 5.54819e-05 5.82524e-05 2.54538e-05
8 2.71598e-05 8.64243e-05 4.4632e-05 4.60987e-05
9 1.39568e-05 0.000109417 7.39359e-05 4.80475e-05
10 2.41175e-05 0.000129639 6.13243e-05 3.76581e-05
11 5.58584e-05 0.000146328 0.000101241 5.76952e-05
12 3.87945e-05 0.000197559 9.46171e-05 7.93114e-05
13 6.79079e-05 0.000379265 7.38111e-05 6.90326e-05
14 0.0001258 0.000654006 0.00022278 6.97628e-05
15 0.00028618 0.000942847 4.07902e-05 0.000119948
16 0.000202926 0.000549317 3.97825e-05 7.50456e-05
17 0.000172227 0.000241765 0.000214907 0.000104082
18 0.000358731 0.000537123 0.000348379 0.000231488
19 0.000598711 0.000421976 0.000246528 0.000379798
20 0.000441087 0.000164914 0.000620745 0.000376857
21 0.000264077 0.000257157 0.0010183 0.000219664
22 0.000543756 0.000447346 0.0019133 0.000327216
23 0.000326097 0.000682346 0.00282571 0.000201961
24 0.000101556 0.000319148 0.00097751 8.59115e-05
25 0.0002569 0.000260063 0.00100608 0.000275689
26 0.00012246 0.000118049 0.000743922 0.000423907
27 0.000155395 1.26116e-05 0.000533536 0.000532111
28 5.89138e-05 2.23609e-05 0.000483041 0.000638953
29 8.54841e-05 7.69966e-05 0.000274915 0.000341762
30 0.000103425 6.10632e-05 0.000129719 0.000161729
31 0.000135796 8.88215e-05 0.000115637 1.12979e-05
32 0.000136001 7.24563e-05 0.000103436 0.000124013
33 0.000247861 0.000293681 0.000392528 0.000551559
34 0.000235198 0.000331896 0.000333062 0.00149956
35 9.92514e-05 6.48716e-05 4.95706e-05 0.000397035
36 2.69897e-05 9.0881e-05 6.27035e-06 0.000386737
37 3.72489e-06 0.000134437 7.04052e-05 0.000201335
38 1.21094e-05 0.000202737 0.000139719 0.000117365
39 3.26346e-05 0.000199102 0.000192772 3.346e-05
40 0.000103544 0.000290625 0.000370191 6.48947e-05
41 0.00015754 0.000369857 0.000761738 0.00015881
42 0.000143899 0.000944877 0.000207511 0.000103235
43 0.000308284 0.00264853 0.00033171 0.000264392
44 0.000412441 0.00210989 0.00289731 0.000462171
45 0.000380565 0.00142817 0.00287189 0.000367773
46 0.000379153 0.000189283 0.00219376 0.000252485
47 0.00017368 0.000201147 0.0010523 6.52867e-05
48 0.000247057 0.00101174 0.00136283 7.74863e-05
49 0.000125155 0.000709047 0.000687024 6.12504e-06
50 4.66927e-05 0.000348213 0.000383327 3.55507e-05
51 0.000201235 0.000827443 0.000910755 0.000178324
52 0.000191982 0.000318214 0.000926085 0.000136041
53 9.03702e-05 4.28147e-05 0.000565407 7.58002e-05
54 3.0579e-05 4.84586e-05 0.000180259 1.79766e-05
55 9.93285e-06 0.00011058 8.36746e-05 4.54653e-05
56 1.98503e-05 0.000193246 5.22279e-05 3.51055e-05
57 2.58725e-05 0.000187182 1.87773e-05 3.36637e-05
58 4.98282e-05 0.000291985 2.8153e-05 0.000139583
59 0.000152261 0.000147923 0.00023694 0.00108424
60 0.000190297 0.000249635 0.00027433 0.00201973
61 0.000741714 0.00184158 0.00142206 0.0171379
62 0.000768319 0.000999895 0.00182266 0.0101716
63 0.000165535 0.000267081 0.000143287 0.00198906
64 0.000106816 0.000117832 5.79733e-05 0.000393153
65 5.28939e-05 6.98823e-05 6.72863e-06 0.000142523
66 6.39248e-05 9.0922e-05 2.38974e-05 9.90839e-05
67 4.89152e-05 6.64568e-05 3.41008e-05 5.43454e-05
68 3.65794e-05 6.47863e-05 0.000107291 9.61855e-05
69 2.32496e-05 6.42974e-06 0.00010884 0.000125287
70 3.24905e-05 5.75598e-05 0.00025757 9.32846e-05
71 9.21647e-05 0.000208545 0.000414964 0.000173261
72 4.61032e-05 0.000539235 0.000604483 6.27038e-05
73 6.20096e-05 0.00160106 0.00120996 7.70603e-05
74 0.000508588 0.00235379 0.00125415 2.56681e-05
75 0.000671634 0.00376947 0.00335546 0.000354424
76 0.00034477 0.00207397 0.00135001 0.000235678
77 0.000570482 0.00113459 0.00114111 0.000178205
78 0.00126596 0.00156471 0.00201281 0.000477674
79 0.00076955 0.00113319 0.00151013 0.000436672
80 0.000191589 0.000351672 0.000555374 0.000196137
81 0.000196107 0.000268366 0.000836387 0.00026751
82 0.000240478 0.000458761 0.000507954 0.000386308
83 0.000159708 0.000262213 0.000180275 0.000204094
84 7.56096e-05 0.000245235 0.000178681 0.000121519
85 9.33579e-05 0.000615159 0.000339273 0.000224075
86 0.000106516 0.000638311 0.00070269 0.000285807
87 0.000185836 0.00322353 0.0052918 0.00147737
88 0.000190223 0.00426121 0.00219885 0.000571003
89 0.000201035 0.0028308 0.00102619 0.000442467
90 0.00010976 0.00080028 0.000366091 0.000151041
91 7.45396e-05 0.000382642 0.000321795 9.70472e-05
92 5.21617e-05 0.000294152 0.000630875 8.68057e-05
93 2.87532e-05 4.72043e-05 0.000698631 7.5262e-05
94 9.33201e-05 1.03967e-05 0.00049606 0.00010023
95 0.000133141 0.000161339 0.000375991 0.000246623
96 0.000122522 0.000158998 0.000263718 0.000547002
97 0.000149391 0.000432596 0.00036261 0.000995152
98 0.000141986 0.000215866 0.000239689 0.000529246
99 0.000199286 0.00032378 0.000493927 0.000636659
100 0.000187264 0.000172933 0.000579265 0.000945034
101 0.000299905 0.00043741 0.00130319 0.00134015
102 0.000740434 0.000855113 0.00567108 0.00623027
103 0.000794078 0.00154259 0.00470533 0.00507587
104 0.000584549 0.00133007 0.00320812 0.00817886
105 0.000231382 0.00106739 0.00165344 0.00501382
106 4.80446e-05 0.000619982 0.000306421 0.00180849
107 3.59232e-05 0.000610637 0.00022427 0.00136783
108 3.12485e-05 0.000187905 4.70865e-05 0.000249602
109 4.19111e-05 0.000108936 0.000169664 7.41025e-05
110 5.29582e-05 1.64895e-05 0.000145662 1.13479e-05
111 4.16441e-05 7.31819e-05 0.000213121 2.31307e-05
112 4.86687e-05 0.000162407 0.000145111 1.00153e-05
113 6.75399e-05 0.000498866 0.000101194 3.69593e-05
114 0.000140111 0.000929698 0.000306375 0.000122274
115 0.000207916 0.00207806 5.39065e-05 0.000266103
116 0.000195537 0.00143961 0.000241315 0.00018151
117 0.000265943 0.00122824 0.000969989 0.000226583
118 0.000210285 0.000854275 0.000606214 7.24279e-05
119 0.000234698 0.000320875 0.000930902 9.98675e-05
120 0.00018192 0.000483447 0.000622032 7.71916e-05
121 8.31862e-05 0.000250911 0.000318958 7.29111e-05
122 0.000126803 0.000562516 0.000181385 0.00016026
123 0.000180358 0.000803221 0.000129058 0.000208269
124 5.40449e-05 0.000349372 4.67756e-05 0.000164843
125 8.76353e-06 2.81845e-05 2.19997e-05 1.2759e-05
126 5.92018e-05 3.14528e-05 0.000153947 8.70574e-06
127 0.000112481 1.7884e-05 0.000245371 2.82164e-05
128 2.90645e-05 0.000100712 5.61187e-05 1.72807e-05
129 1.15878e-05 0.000101248 8.99005e-05 4.85043e-05
130 5.87802e-05 0.000157278 0.000248971 9.68462e-05
131 7.43699e-05 0.000325543 0.000239559 0.000121257
132 3.72971e-05 0.000379104 5.8683e-05 0.000129111
133 2.90429e-05 0.000347195 5.70458e-05 0.000259099
134 5.21025e-05 0.000736484 8.656e-05 0.000662819
135 6.70485e-05 0.000849998 2.45807e-05 0.000565919
136 4.48704e-05 0.000557473 0.000124497 0.000446757
137 5.85123e-05 0.000702143 0.000146507 0.00116301
138 5.54655e-05 0.000447578 0.000100069 0.000673095
139 0.000110666 0.000721163 0.000245774 0.00135769
140 0.000117885 0.0012054 0.000299821 0.0039522
141 0.00012913 0.000976905 0.000178292 0.00413002
142 4.76107e-05 0.00032781 4.38548e-05 0.0013072
143 4.96058e-05 0.000455699 0.000124284 0.00107153
144 9.41896e-05 0.000511853 0.00022836 0.00270745
145 4.14504e-05 0.00027199 0.000166567 0.00199778
146 4.74218e-05 0.000124266 0.000279525 0.000422369
147 0.000189269 0.000151437 0.000711505 0.000446359
148 0.000193093 0.000341603 0.000708987 0.00130108
149 0.000104844 0.000329948 0.000414845 0.00067136
150 0.000246485 0.00207526 0.000778087 0.000200798
151 0.000279127 0.00151004 0.000533309 8.67976e-05
152 0.000414664 0.00296658 0.000691071 0.000426159
153 0.00106237 0.00712659 0.000957022 0.00104552
154 0.000757576 0.00613021 0.000367286 0.0016981
155 0.00129382 0.0200385 0.00024586 0.0050236
156 0.00125191 0.0269352 0.0015161 0.00672703
157 0.0003965 0.0274332 0.00703466 0.00358876
158 5.82572e-05 0.00612164 0.00207674 0.000326692
159 0.000443531 0.0044773 0.00684768 8.6679e-05
160 0.00117076 0.00278177 0.0174482 0.00093258
161 0.000968118 0.00230725 0.00384959 0.000612203
162 0.000266445 0.000666094 0.00177444 0.000176229
163 0.000346586 0.000699612 0.00465865 0.000729469
164 0.00172167 0.00130704 0.0117399 0.00270856
165 0.000541752 0.00103987 0.00259188 0.000351604
166 0.000321139 0.000159431 0.00171345 0.000427686
167 0.00225371 7.03961e-05 0.014789 0.00459411
168 0.00720081 0.00504425 0.02116 0.036716
