-2.60995e-14
 -1.9461e-14
-1.19744e-14
-6.88987e-15
 1.84083e-14
 2.78337e-14
     2.23007
     3.07136
     3.70952
      4.5778
     4.97584
     5.51376
     6.12591
     6.20945
     6.34851
     6.59996
     6.69638
     6.99559
     7.27024
     7.55261
     7.81793
     8.02153
     8.17031
      8.2884
     8.73794
     8.87888
     9.06403
     9.23815
     9.35704
     9.43611
     9.52427
     9.88963
     10.0849
     10.1373
     10.3213
     10.5164
     10.6215
     10.6913
     11.0366
     11.1613
     11.3165
     11.3942
     11.5313
     11.5875
     11.7863
     11.8497
     11.9155
     12.1338
     12.2798
     12.4783
     12.6021
     12.7343
      12.796
     12.9244
     13.1327
     13.2736
     13.7696
     13.8057
     13.9977
     14.0859
     14.1762
     14.2741
     14.3938
     14.4551
     14.5119
      14.568
      14.851
     14.9544
     15.1964
     15.2433
     15.4903
     15.5828
     15.6484
      15.878
     15.9836
     16.1504
     16.3258
     16.4379
     16.5402
     16.6809
     16.7144
     16.8461
     17.0931
     17.1519
       17.39
     17.4754
     17.6563
     17.7052
     17.7754
     17.8886
     17.9225
     18.0854
     18.1865
     18.3588
     18.4145
     18.5671
      18.644
     18.8144
     18.8786
     19.1626
     19.3734
     19.5135
     19.6158
     19.7731
      19.898
     19.9217
     20.1763
     20.2796
     20.4002
     20.4571
     20.6178
     20.6543
     20.8665
     20.9966
     21.1204
     21.1335
     21.2655
     21.4904
     21.5557
     21.5762
     21.6582
     21.7967
     21.8935
     22.0941
     22.1707
     22.2709
     22.4704
     22.5183
       22.58
     22.6566
     22.9366
     23.0099
     23.0957
       23.13
     23.2403
     23.3481
     23.4719
     23.5333
     23.6792
     23.8196
     23.9571
     24.0076
     24.0785
     24.2166
      24.261
     24.3429
      24.484
     24.5091
     24.7058
     24.8117
     24.9189
     24.9897
     25.1825
     25.2428
     25.3754
     25.4778
     25.6846
     25.9198
     26.0052
     26.2213
     26.3262
      26.351
     26.6771
      26.746
     27.0121
     27.1117
     27.1983
     27.5577
     27.9418
     28.0525
     28.3602
     28.4701
     28.5199
     28.6968
     28.8966
      29.082
     29.1316
     29.4262
     29.5879
     29.6429
      29.802
     29.8975
     30.1221
     30.2128
     30.4342
     30.6295
     30.8623
     31.2595
     31.3012
     31.6812
     32.0166
     32.3665
     32.4591
      32.656
     32.7791
     33.0507
     33.1775
     33.3292
     33.5417
     33.9776
     34.1339
     34.5241
     34.6454
     34.7596
     35.0184
     35.1604
      35.293
      35.616
     35.6608
     35.8441
     35.9733
     36.1561
     36.1926
     36.5209
     36.7227
     36.8693
     36.9877
     37.1293
     37.5307
     37.8044
      38.051
     38.3448
     38.8564
     38.9866
     39.2263
     39.3951
     39.6757
     39.9241
     40.0324
     40.6507
      40.686
     41.0503
     41.0755
     41.2729
     41.4272
     41.6905
     42.0417
      42.117
     42.2158
      42.529
     42.6743
     42.8757
     43.0474
     43.2948
     43.8042
      43.985
     44.1348
     44.2021
     44.5301
     44.9856
     45.4109
     45.6294
     46.4144
     46.7595
      46.873
     47.7114
     47.9565
     49.6332
     49.9032
     50.0559
     50.3307
     50.6956
     52.0234
     52.8338
     53.2995
     53.5625
     54.0149
     54.7585
     55.2507
     60.4211
