0 27.251
1 16.604
2 12.0162
3 12.5542
4 15.4581
5 10.6056
6 9.52608
7 11.5431
8 11.7241
9 9.65747
10 9.87671
11 13.4103
12 11.7956
13 10.6364
14 13.283
15 17.4651
16 14.9855
17 12.4748
18 11.6127
19 16.32
20 13.6886
21 14.4591
22 14.0744
23 10.3181
24 11.639
25 9.59022
26 11.4103
27 11.1975
28 10.3953
29 8.62624
30 7.58496
31 6.7803
32 6.66329
33 6.8205
34 7.16873
35 8.58251
36 15.5881
37 13.9796
38 10.9091
39 9.41601
40 7.15297
41 6.94193
42 6.42099
43 7.19502
44 8.08284
45 8.91854
46 11.3619
47 14.1714
48 12.8063
49 17.52
50 19.7635
51 13.9315
52 13.2551
53 12.7387
54 9.94661
55 10.5191
56 9.17282
57 9.14991
58 7.73403
59 8.38536
60 8.79809
61 10.117
62 11.9434
63 12.7129
64 11.3918
65 10.4284
66 10.3067
67 9.50132
68 10.1581
69 9.36068
70 10.2014
71 8.19533
72 7.64028
73 7.57429
74 7.85501
75 7.16535
76 8.73041
77 10.403
78 11.6671
79 8.91597
80 8.79541
81 10.0958
82 15.8647
83 12.7283
84 11.6797
85 12.1253
86 9.97977
87 11.6168
88 15.5024
89 39.2749
