-2.50811e-14
-1.53897e-14
-4.24108e-15
 6.87565e-15
 2.81993e-14
 5.55789e-14
     2.23006
     3.07112
     3.70847
     4.57773
     4.97572
     5.51374
     6.12579
     6.20944
     6.34844
     6.59989
     6.69634
     6.99554
     7.27015
     7.55172
     7.81752
     8.02153
     8.16991
     8.28826
     8.73792
     8.87878
     9.06378
      9.2376
     9.35701
     9.43554
     9.52402
     9.88922
     10.0843
      10.137
     10.3203
     10.5162
     10.6215
     10.6913
     11.0337
     11.1606
     11.3161
     11.3931
     11.5313
     11.5875
     11.7839
     11.8477
     11.9155
     12.1329
     12.2798
     12.4782
     12.6011
     12.7342
     12.7954
     12.9243
     13.1324
     13.2734
     13.7692
     13.8056
     13.9967
     14.0854
     14.1737
     14.2741
     14.3936
     14.4551
     14.5109
      14.568
     14.8503
     14.9541
     15.1914
     15.2431
     15.4879
     15.5811
     15.6483
     15.8771
     15.9836
     16.1504
     16.3253
     16.4374
       16.54
     16.6786
      16.714
     16.8461
     17.0764
     17.1517
      17.386
     17.4737
     17.6553
     17.7044
     17.7672
     17.8868
      17.921
     18.0849
     18.1765
     18.3584
      18.412
     18.5658
     18.6439
     18.8068
     18.8766
     19.1458
     19.3609
     19.4709
     19.5788
     19.6161
     19.8841
     19.8989
     20.0142
      20.186
     20.3766
     20.4566
     20.5203
     20.6179
     20.7435
     20.8958
     21.0644
     21.1307
     21.2398
     21.4754
     21.4927
     21.5734
     21.6308
     21.7164
     21.8694
     22.0538
     22.1428
     22.2709
     22.4678
     22.5175
     22.5799
     22.6563
     22.9297
     22.9917
     23.0956
     23.1148
     23.2363
     23.3471
     23.4628
      23.511
     23.6792
      23.817
     23.9564
     24.0004
     24.0785
     24.1831
     24.2548
     24.3416
     24.4703
     24.5056
     24.7056
     24.7884
     24.8932
      24.972
     25.1702
     25.2421
     25.3355
     25.4776
     25.6257
     25.9081
     25.9707
     26.0909
     26.2327
      26.327
     26.6689
     26.7345
     26.9901
     27.0327
     27.1741
     27.4645
     27.6263
     27.9439
     28.0654
     28.3985
     28.4978
     28.6634
     28.7681
     28.9952
     29.1285
     29.2076
     29.4328
     29.5879
     29.6853
     29.8032
     30.0173
      30.203
     30.2739
     30.5835
     30.7145
     31.1128
      31.294
      31.472
     31.7703
     32.2033
      32.434
      32.522
     32.7001
     32.8027
     33.0513
     33.3256
     33.4268
     33.5871
     34.0388
     34.1707
      34.541
     34.6503
     34.7596
      35.059
     35.1688
      35.454
     35.6427
     35.7666
      35.957
     36.0478
     36.1763
     36.2406
      36.582
     36.8655
     36.9705
     37.1293
     37.3432
     37.6798
     37.9523
     38.1819
     38.3567
     38.9168
      39.035
     39.3888
     39.4867
      39.817
      39.955
     40.4725
     40.6694
      40.759
     41.0506
     41.0775
     41.2805
     41.4907
     41.7215
      42.055
     42.1814
     42.2705
     42.6388
     42.7117
     42.9584
     43.1709
     43.6992
     43.9598
      44.132
     44.2021
     44.5188
     44.8639
     45.3835
     45.5704
     46.4093
     46.5178
     46.8565
     46.8813
     47.7117
     47.9853
     49.7038
     49.9075
     50.2768
     50.6942
     51.8233
     52.1898
     52.9108
     53.4564
     53.9238
     54.4983
     54.8626
     60.4178
