6 0.0291837
7 0.280369
8 0.310017
9 0.227692
10 0.0345598
11 0.11614
12 0.135683
13 0.154713
14 0.154283
15 0.0259192
16 0.169817
17 0.144077
18 0.111639
19 0.178829
20 0.146901
21 0.0782049
22 0.0821186
23 0.128221
24 0.0856869
25 0.122992
26 0.0735216
27 0.209793
28 0.128347
29 0.160942
30 0.197621
31 0.140427
32 0.234244
33 0.181104
34 0.197578
35 0.293172
36 0.143662
37 0.0601543
38 0.273533
39 0.210437
40 0.325336
41 0.277456
42 0.18059
43 0.296612
44 0.226943
45 0.251643
46 0.225107
47 0.300868
48 0.140209
49 0.125537
50 0.20493
51 0.253935
52 0.355083
53 0.270109
54 0.359976
55 0.255264
56 0.239344
57 0.208158
58 0.191088
59 0.16953
60 0.193665
61 0.277322
62 0.275407
63 0.190455
64 0.233985
65 0.21962
66 0.263837
67 0.160436
68 0.21396
69 0.218559
70 0.280914
71 0.274948
72 0.184615
73 0.324162
74 0.132486
75 0.225228
76 0.406563
77 0.383422
78 0.2588
79 0.234532
80 0.188402
81 0.282586
82 0.256162
83 0.361761
84 0.345923
85 0.237426
86 0.140159
87 0.199296
88 0.402465
89 0.445214
90 0.259967
91 0.276339
92 0.256999
93 0.368202
94 0.302174
95 0.331603
96 0.273177
97 0.210936
98 0.200648
99 0.257118
100 0.220795
101 0.369779
102 0.268455
103 0.397313
104 0.182706
105 0.182198
106 0.33361
107 0.283854
108 0.257331
109 0.27674
110 0.299762
111 0.314602
112 0.258386
113 0.215884
114 0.385093
115 0.352942
116 0.404065
117 0.294285
118 0.402156
119 0.270339
120 0.249837
121 0.322377
122 0.275464
123 0.258478
124 0.313176
125 0.375075
126 0.283439
127 0.294442
128 0.344623
129 0.14712
130 0.427425
131 0.322461
132 0.40427
133 0.288547
134 0.273054
135 0.367304
136 0.138396
137 0.353175
138 0.302372
139 0.33046
140 0.477203
141 0.302938
142 0.395418
143 0.365633
144 0.356869
145 0.311218
146 0.394019
147 0.301403
148 0.31426
149 0.309094
150 0.256832
151 0.522811
152 0.131525
153 0.297223
154 0.351024
155 0.375107
156 0.298107
157 0.332483
158 0.391849
159 0.458809
160 0.343825
161 0.403471
162 0.375513
163 0.356919
164 0.383201
165 0.347457
166 0.452952
167 0.374882
168 0.386144
169 0.400954
170 0.471889
171 0.465523
172 0.337218
173 0.436092
174 0.302182
175 0.324516
176 0.387175
177 0.361322
178 0.403872
179 0.373392
180 0.445638
181 0.377593
182 0.41259
183 0.383058
184 0.476685
185 0.335293
186 0.422605
187 0.41787
188 0.350997
189 0.402517
190 0.355916
191 0.42368
192 0.376361
193 0.4157
194 0.487288
195 0.415174
196 0.446993
197 0.368841
198 0.443024
199 0.301527
200 0.479059
201 0.484413
202 0.531129
203 0.368371
204 0.215227
205 0.438785
206 0.386084
207 0.462454
208 0.39706
209 0.389007
210 0.436568
211 0.311552
212 0.434894
213 0.344109
214 0.31495
215 0.378664
216 0.385575
217 0.469472
218 0.374075
219 0.348851
220 0.474397
221 0.340889
222 0.353085
223 0.453881
224 0.461384
225 0.316886
226 0.405461
227 0.377232
228 0.3865
229 0.407071
230 0.367292
231 0.422467
232 0.381906
233 0.414054
234 0.365197
235 0.385562
236 0.412761
237 0.33956
238 0.283467
239 0.361842
240 0.394303
241 0.404721
242 0.254187
243 0.380648
244 0.242906
245 0.214957
246 0.462065
247 0.517477
248 0.450755
249 0.363595
250 0.43223
251 0.420428
252 0.461327
253 0.411715
254 0.402374
255 0.516392
256 0.508238
257 0.361671
258 0.389279
259 0.349493
260 0.494231
261 0.312622
262 0.460115
263 0.418052
264 0.471203
265 0.391967
266 0.475072
267 0.399118
268 0.413844
269 0.450966
270 0.484234
271 0.398432
272 0.575141
273 0.403003
274 0.354452
275 0.524798
276 0.419673
277 0.465203
278 0.435778
279 0.489074
280 0.316856
281 0.394562
282 0.394035
283 0.307726
284 0.345302
285 0.56804
286 0.443576
287 0.453703
288 0.229722
289 0.520862
290 0.502719
291 0.355075
292 0.414838
293 0.503705
294 0.485758
295 0.395789
296 0.437095
297 0.47382
298 0.224386
299 0.436543
300 0.371323
301 0.325642
302 0.305896
303 0.352627
304 0.471823
305 0.429455
306 0.455583
307 0.395347
308 0.299428
309 0.360083
310 0.369961
311 0.435603
312 0.378018
313 0.281886
314 0.269905
315 0.470745
316 0.423196
317 0.421108
318 0.338675
319 0.310741
320 0.42206
321 0.395799
322 0.438268
323 0.366842
324 0.388857
325 0.512051
326 0.398771
327 0.346586
328 0.24539
329 0.388495
330 0.434428
331 0.373869
332 0.380806
333 0.385072
334 0.46866
335 0.2978
336 0.347214
337 0.398965
338 0.405053
339 0.389445
340 0.347393
341 0.349927
342 0.417545
343 0.257389
344 0.52444
345 0.379375
346 0.251235
347 0.20819
348 0.382547
349 0.335982
350 0.376609
351 0.263516
352 0.336485
353 0.411702
354 0.413934
355 0.424302
356 0.234921
357 0.397508
358 0.451811
359 0.317669
360 0.378049
361 0.31357
362 0.497134
363 0.416587
364 0.263527
365 0.359728
366 0.473838
367 0.318208
368 0.531799
369 0.444262
370 0.426623
371 0.173953
372 0.403639
373 0.41527
374 0.253227
375 0.301439
376 0.419226
377 0.362401
378 0.324305
379 0.260479
380 0.35328
381 0.109968
382 0.333729
383 0.297389
384 0.336827
385 0.132445
386 0.192843
387 0.119243
388 0.317399
389 0.254738
390 0.314545
391 0.368171
392 0.34009
393 0.350618
394 0.304145
395 0.359608
396 0.409001
397 0.529848
398 0.338114
399 0.325995
400 0.44936
401 0.332269
402 0.427335
403 0.317666
404 0.30589
405 0.308547
406 0.330902
407 0.366105
408 0.456017
409 0.270491
410 0.200079
411 0.167783
412 0.156649
413 0.329747
414 0.295801
415 0.224732
416 0.403149
417 0.323674
418 0.358549
419 0.38732
420 0.376409
421 0.224319
422 0.293658
423 0.273776
424 0.220045
425 0.184888
426 0.285553
427 0.396718
428 0.247779
429 0.25957
430 0.370588
431 0.351925
432 0.318874
433 0.140907
434 0.285153
435 0.290457
436 0.219274
437 0.265688
438 0.245851
439 0.32953
440 0.437692
441 0.295885
442 0.22803
443 0.13686
444 0.343226
445 0.334016
446 0.315675
447 0.297092
448 0.24751
449 0.335179
450 0.306284
451 0.296486
452 0.207028
453 0.317374
454 0.281921
455 0.354711
456 0.467344
457 0.298256
458 0.106481
459 0.348599
460 0.278957
461 0.298209
462 0.3462
463 0.225778
464 0.253261
465 0.22073
466 0.298404
467 0.339484
468 0.291784
469 0.297096
470 0.298372
471 0.248513
472 0.157665
473 0.172995
474 0.207953
475 0.239245
476 0.394738
477 0.218156
478 0.374514
479 0.243784
480 0.168233
481 0.106387
482 0.227204
483 0.0838712
484 0.228324
485 0.116563
486 0.0998896
487 0.260705
488 0.0698576
489 0.0952179
490 0.132342
491 0.299369
492 0.078821
493 0.138505
494 0.204093
495 0.128113
496 0.122011
497 0.061545
498 0.159503
499 0.166443
500 0.0375387
501 0.0481859
502 0.0284973
503 0.0329249
504 0.0482469
505 0.0208267
506 0.020708
