-100 -3.07771 -2.26182 6.26488 11.0977
-99 -3.0774 -2.26149 6.25823 11.0867
-98 -3.07709 -2.26117 6.25167 11.0757
-97 -3.07678 -2.26084 6.24518 11.0648
-96 -3.07648 -2.26051 6.23877 11.0538
-95 -3.07617 -2.26018 6.23244 11.0429
-94 -3.07587 -2.25986 6.22618 11.032
-93 -3.07556 -2.25953 6.22 11.0212
-92 -3.07526 -2.25921 6.21391 11.0103
-91 -3.07496 -2.25889 6.20788 10.9995
-90 -3.07466 -2.25856 6.20194 10.9888
-89 -3.07437 -2.25824 6.19608 10.978
-88 -3.07407 -2.25792 6.1903 10.9673
-87 -3.07378 -2.2576 6.18459 10.9566
-86 -3.07349 -2.25728 6.17897 10.9459
-85 -3.0732 -2.25696 6.17342 10.9353
-84 -3.07292 -2.25665 6.16796 10.9247
-83 -3.07263 -2.25633 6.16257 10.9141
-82 -3.07235 -2.25602 6.15727 10.9035
-81 -3.07207 -2.2557 6.15205 10.893
-80 -3.0718 -2.25539 6.1469 10.8825
-79 -3.07153 -2.25508 6.14184 10.872
-78 -3.07126 -2.25478 6.13686 10.8616
-77 -3.07099 -2.25447 6.13196 10.8511
-76 -3.07073 -2.25416 6.12715 10.8408
-75 -3.07047 -2.25386 6.12241 10.8304
-74 -3.07022 -2.25356 6.11776 10.8201
-73 -3.06996 -2.25326 6.11319 10.8098
-72 -3.06972 -2.25297 6.1087 10.7995
-71 -3.06947 -2.25267 6.10429 10.7892
-70 -3.06923 -2.25238 6.09997 10.779
-69 -3.06899 -2.25209 6.09573 10.7688
-68 -3.06876 -2.2518 6.09157 10.7587
-67 -3.06853 -2.25151 6.0875 10.7485
-66 -3.06831 -2.25123 6.08351 10.7384
-65 -3.06809 -2.25095 6.0796 10.7283
-64 -3.06787 -2.25067 6.07578 10.7183
-63 -3.06766 -2.25039 6.07204 10.7083
-62 -3.06746 -2.25012 6.06839 10.6983
-61 -3.06726 -2.24985 6.06482 10.6883
-60 -3.06706 -2.24958 6.06133 10.6784
-59 -3.06687 -2.24931 6.05793 10.6685
-58 -3.06668 -2.24905 6.05461 10.6586
-57 -3.0665 -2.24879 6.05138 10.6488
-56 -3.06633 -2.24853 6.04824 10.639
-55 -3.06616 -2.24827 6.04517 10.6292
-54 -3.06599 -2.24802 6.0422 10.6194
-53 -3.06583 -2.24777 6.03931 10.6097
-52 -3.06568 -2.24752 6.0365 10.6
-51 -3.06553 -2.24728 6.03378 10.5904
-50 -3.06539 -2.24704 6.03115 10.5807
-49 -3.06525 -2.2468 6.0286 10.5711
-48 -3.06512 -2.24656 6.02614 10.5616
-47 -3.065 -2.24633 6.02376 10.552
-46 -3.06488 -2.2461 6.02147 10.5425
-45 -3.06477 -2.24587 6.01927 10.533
-44 -3.06467 -2.24565 6.01715 10.5236
-43 -3.06457 -2.24543 6.01512 10.5142
-42 -3.06447 -2.24521 6.01317 10.5048
-41 -3.06439 -2.245 6.01132 10.4954
-40 -3.06431 -2.24478 6.00955 10.4861
-39 -3.06424 -2.24457 6.00786 10.4768
-38 -3.06417 -2.24437 6.00626 10.4676
-37 -3.06411 -2.24417 6.00475 10.4583
-36 -3.06406 -2.24397 6.00333 10.4491
-35 -3.06401 -2.24377 6.00199 10.44
-34 -3.06397 -2.24358 6.00074 10.4308
-33 -3.06394 -2.24339 5.99958 10.4217
-32 -3.06392 -2.2432 5.99851 10.4127
-31 -3.0639 -2.24302 5.99752 10.4036
-30 -3.06389 -2.24283 5.99662 10.3946
-29 -3.06389 -2.24266 5.99581 10.3856
-28 -3.0639 -2.24248 5.99508 10.3767
-27 -3.06391 -2.24231 5.99444 10.3678
-26 -3.06393 -2.24214 5.99389 10.3589
-25 -3.06396 -2.24198 5.99343 10.3501
-24 -3.064 -2.24181 5.99305 10.3413
-23 -3.06404 -2.24165 5.99276 10.3325
-22 -3.0641 -2.2415 5.99256 10.3237
-21 -3.06416 -2.24134 5.99245 10.315
-20 -3.06423 -2.24119 5.99242 10.3063
-19 -3.0643 -2.24104 5.99249 10.2977
-18 -3.06439 -2.2409 5.99263 10.2891
-17 -3.06448 -2.24076 5.99287 10.2805
-16 -3.06458 -2.24062 5.9932 10.2719
-15 -3.0647 -2.24048 5.99361 10.2634
-14 -3.06481 -2.24035 5.99411 10.2549
-13 -3.06494 -2.24022 5.99469 10.2465
-12 -3.06508 -2.24009 5.99537 10.238
-11 -3.06523 -2.23997 5.99613 10.2297
-10 -3.06538 -2.23985 5.99698 10.2213
-9 -3.06554 -2.23973 5.99791 10.213
-8 -3.06572 -2.23962 5.99894 10.2047
-7 -3.0659 -2.2395 6.00005 10.1965
-6 -3.06609 -2.23939 6.00125 10.1882
-5 -3.06629 -2.23929 6.00253 10.1801
-4 -3.0665 -2.23918 6.0039 10.1719
-3 -3.06672 -2.23908 6.00536 10.1638
-2 -3.06695 -2.23898 6.00691 10.1557
-1 -3.06719 -2.23889 6.00854 10.1477
0 -3.06744 -2.2388 6.01026 10.1397
1 -3.0677 -2.23871 6.01207 10.1317
2 -3.06797 -2.23862 6.01396 10.1237
3 -3.06825 -2.23853 6.01594 10.1158
4 -3.06854 -2.23845 6.01801 10.108
5 -3.06884 -2.23837 6.02016 10.1001
6 -3.06916 -2.2383 6.0224 10.0923
7 -3.06948 -2.23822 6.02472 10.0846
8 -3.06981 -2.23815 6.02713 10.0768
9 -3.07015 -2.23808 6.02963 10.0691
10 -3.07051 -2.23801 6.03221 10.0615
11 -3.07087 -2.23795 6.03488 10.0538
12 -3.07125 -2.23789 6.03764 10.0462
13 -3.07164 -2.23783 6.04048 10.0387
14 -3.07204 -2.23777 6.0434 10.0312
15 -3.07245 -2.23772 6.04642 10.0237
16 -3.07287 -2.23767 6.04951 10.0162
17 -3.0733 -2.23762 6.05269 10.0088
18 -3.07375 -2.23757 6.05596 10.0014
19 -3.07421 -2.23753 6.05931 9.99411
20 -3.07468 -2.23749 6.06275 9.9868
21 -3.07516 -2.23745 6.06627 9.97953
22 -3.07565 -2.23741 6.06987 9.9723
23 -3.07616 -2.23737 6.07356 9.9651
24 -3.07668 -2.23734 6.07733 9.95794
25 -3.07721 -2.23731 6.08119 9.95082
26 -3.07776 -2.23728 6.08513 9.94373
27 -3.07832 -2.23726 6.08915 9.93668
28 -3.07889 -2.23723 6.09326 9.92967
29 -3.07947 -2.23721 6.09745 9.92269
30 -3.08007 -2.23719 6.10173 9.91575
31 -3.08068 -2.23717 6.10608 9.90884
32 -3.08131 -2.23716 6.11052 9.90198
33 -3.08195 -2.23714 6.11505 9.89515
34 -3.0826 -2.23713 6.11965 9.88835
35 -3.08327 -2.23712 6.12434 9.8816
36 -3.08395 -2.23711 6.12911 9.87488
37 -3.08465 -2.2371 6.13396 9.8682
38 -3.08536 -2.2371 6.13889 9.86156
39 -3.08608 -2.2371 6.1439 9.85495
40 -3.08682 -2.23709 6.149 9.84838
41 -3.08758 -2.23709 6.15417 9.84185
42 -3.08835 -2.2371 6.15943 9.83536
43 -3.08913 -2.2371 6.16477 9.8289
44 -3.08993 -2.23711 6.17018 9.82249
45 -3.09075 -2.23711 6.17568 9.81611
46 -3.09158 -2.23712 6.18126 9.80977
47 -3.09242 -2.23713 6.18692 9.80346
48 -3.09329 -2.23714 6.19265 9.7972
49 -3.09417 -2.23715 6.19847 9.79097
50 -3.09506 -2.23717 6.20436 9.78478
51 -3.09597 -2.23718 6.21034 9.77863
52 -3.0969 -2.2372 6.21639 9.77252
53 -3.09785 -2.23722 6.22252 9.76645
54 -3.09881 -2.23724 6.22873 9.76041
55 -3.09979 -2.23726 6.23502 9.75442
56 -3.10078 -2.23728 6.24138 9.74846
57 -3.1018 -2.2373 6.24783 9.74254
58 -3.10283 -2.23732 6.25434 9.73666
59 -3.10388 -2.23735 6.26094 9.73082
60 -3.10494 -2.23737 6.26761 9.72502
61 -3.10603 -2.2374 6.27436 9.71926
62 -3.10713 -2.23742 6.28119 9.71354
63 -3.10825 -2.23745 6.28809 9.70785
64 -3.10938 -2.23748 6.29507 9.70221
65 -3.11054 -2.23751 6.30212 9.6966
66 -3.11171 -2.23754 6.30925 9.69104
67 -3.11291 -2.23757 6.31646 9.68551
68 -3.11412 -2.2376 6.32373 9.68002
69 -3.11535 -2.23763 6.33109 9.67458
70 -3.1166 -2.23766 6.33851 9.66917
71 -3.11787 -2.23769 6.34602 9.6638
72 -3.11915 -2.23772 6.35359 9.65847
73 -3.12046 -2.23776 6.36124 9.65319
74 -3.12179 -2.23779 6.36896 9.64794
75 -3.12313 -2.23782 6.37675 9.64273
76 -3.1245 -2.23785 6.38462 9.63756
77 -3.12588 -2.23789 6.39256 9.63244
78 -3.12728 -2.23792 6.40057 9.62735
79 -3.12871 -2.23795 6.40865 9.6223
80 -3.13015 -2.23798 6.41681 9.6173
81 -3.13161 -2.23802 6.42503 9.61233
82 -3.1331 -2.23805 6.43333 9.60741
83 -3.1346 -2.23808 6.4417 9.60252
84 -3.13612 -2.23811 6.45014 9.59768
85 -3.13767 -2.23814 6.45864 9.59287
86 -3.13923 -2.23817 6.46722 9.58811
87 -3.14081 -2.23821 6.47587 9.58339
88 -3.14242 -2.23824 6.48459 9.57871
89 -3.14404 -2.23826 6.49337 9.57407
90 -3.14569 -2.23829 6.50223 9.56947
91 -3.14735 -2.23832 6.51115 9.56491
92 -3.14903 -2.23835 6.52014 9.56039
93 -3.15074 -2.23838 6.5292 9.55592
94 -3.15246 -2.2384 6.53833 9.55148
95 -3.15421 -2.23843 6.54753 9.54709
96 -3.15597 -2.23845 6.55679 9.54273
97 -3.15775 -2.23847 6.56612 9.53842
98 -3.15956 -2.2385 6.57551 9.53415
99 -3.16138 -2.23852 6.58497 9.52993
