-6.01307e-14
-3.50875e-14
-5.35221e-15
 2.53139e-14
 4.35681e-14
 7.50699e-14
      4.1303
      4.4757
     4.77301
     5.33786
     5.72035
     6.12142
     6.64397
     7.04787
     7.41005
      7.8293
     7.98555
     8.38304
     8.65506
     8.78543
     9.03847
     9.19599
     9.34906
     9.81213
     9.99599
     10.1968
     10.3003
     10.4912
     10.6628
     10.7862
     11.2768
     11.4108
     11.5312
     11.7944
     12.0193
     12.2469
     12.2795
     12.5254
     12.6986
     12.8467
     13.0297
     13.2022
     13.4694
      13.592
     13.8837
      14.001
     14.1289
     14.3659
     14.5395
     14.6855
     14.7517
     14.8053
     15.0156
     15.1203
     15.1589
     15.3635
     15.4253
     15.5368
     15.5771
      15.751
     16.1655
     16.3378
     16.6191
     16.8194
     16.8704
     16.9614
     17.0465
     17.2747
     17.3026
     17.3734
     17.4596
     17.6119
      17.671
     17.8873
     18.0962
     18.2181
     18.3081
      18.436
     18.7122
     18.9061
     18.9416
        19.1
     19.2765
      19.309
      19.384
     19.4266
     19.6195
       19.79
     19.8898
     19.9814
     20.1003
     20.1484
     20.2762
     20.3226
     20.5049
     20.6546
     20.7388
     20.8307
     21.0013
     21.0416
     21.0844
     21.2153
     21.3251
     21.4996
     21.5508
     21.5983
     21.6872
     21.7436
     21.8844
     21.8984
     21.9741
     22.0538
     22.1343
      22.318
     22.3412
     22.4515
     22.6508
     22.6528
     22.7501
     22.9719
     23.0244
      23.065
     23.2428
     23.2932
     23.3257
     23.3959
     23.4599
     23.6096
     23.7587
     23.8098
     23.8618
     24.1172
     24.1386
     24.2764
     24.3405
     24.4342
     24.5746
     24.6504
      24.747
     24.8686
     24.9378
     25.0305
     25.0953
     25.1209
     25.2141
     25.3374
     25.4563
     25.5242
     25.5621
     25.6875
     25.7407
     25.8306
      25.852
     26.0119
     26.1354
     26.2226
     26.2604
     26.2968
     26.3793
     26.4408
     26.4927
     26.5936
     26.6493
     26.6992
     26.7603
     26.8242
     26.8727
     26.9458
     27.0449
     27.0985
     27.1283
     27.2573
     27.3025
     27.3146
       27.44
     27.5336
     27.5736
     27.6175
     27.6951
     27.7156
     27.8986
     27.9373
     28.0046
     28.0665
     28.0808
     28.1325
     28.1961
     28.2943
     28.3522
     28.3801
     28.4438
     28.5146
     28.5779
     28.5973
     28.6283
      28.742
     28.7573
     28.8346
     28.9858
     28.9988
     29.0549
     29.1105
     29.2111
     29.3548
     29.4849
     29.5117
     29.5278
     29.5723
     29.6945
     29.7348
     29.8054
     29.8786
     29.9144
     30.0132
     30.1182
     30.1719
     30.3144
     30.3365
     30.3995
     30.4262
     30.5007
     30.7266
     30.7531
     30.8664
     30.9178
     30.9872
     31.0252
     31.1087
     31.1938
     31.2195
     31.3008
     31.3889
     31.5278
     31.6245
     31.7037
     31.8008
     31.9601
     31.9929
      32.078
      32.091
      32.206
     32.2373
     32.2682
     32.3168
     32.4206
     32.4717
      32.551
     32.5807
     32.6133
     32.6783
     32.7387
     32.8087
     32.8686
     32.9398
     32.9637
     33.0418
     33.0847
     33.1656
     33.2269
     33.2698
     33.3749
      33.407
     33.5119
     33.5449
     33.5989
     33.7063
     33.8921
     33.9518
     33.9798
     34.0699
     34.1061
     34.1888
     34.2077
     34.2956
     34.3356
     34.4561
     34.5604
     34.5876
      34.642
     34.6969
     34.7606
     34.8509
     34.8914
     34.9582
     35.0095
     35.0259
     35.1893
     35.2127
      35.334
     35.3585
     35.4436
     35.4784
     35.6022
     35.6465
     35.7385
     35.7881
     35.8705
     35.9232
     35.9434
     36.0018
     36.1389
     36.1935
     36.3288
     36.3522
     36.4148
     36.5452
     36.6079
     36.6695
     36.8573
     36.8663
     36.9866
     37.0177
      37.069
     37.2321
     37.2904
     37.3012
     37.5548
     37.6779
     37.8144
     37.8431
     37.8947
     38.0047
     38.0768
     38.1206
     38.2771
     38.3574
     38.4559
     38.5666
     38.7383
     38.7917
     38.8167
     38.9703
     39.0632
     39.1615
     39.2636
     39.3577
     39.6556
     39.7348
     39.8308
     40.0461
     40.1482
     40.2493
     40.3957
     40.5373
     40.6723
     40.7009
     40.8254
     40.8961
     41.0844
     41.1575
     41.4193
      41.521
     41.6468
     41.7105
     41.8491
     41.9452
     42.0954
     42.2261
     42.3688
     42.4672
     42.5278
     42.6678
     42.7774
     42.8906
     42.9731
      43.053
     43.1157
      43.343
     43.4678
     43.6051
     43.6577
     43.7081
     43.8471
     43.9605
     44.1704
     44.2705
     44.4106
     44.4778
     44.5003
     44.5957
     44.7557
     44.7903
     44.9357
     45.1183
     45.2168
      45.265
     45.3137
     45.4655
      45.635
     45.7175
     45.8222
     45.8955
     46.0254
     46.1281
      46.177
     46.3172
     46.5274
     46.7123
     46.8682
     47.1724
     47.2763
     47.5227
     47.5849
     47.7165
     47.7658
     47.9107
     48.0885
      48.205
     48.2804
     48.4505
     48.5973
     48.7542
     48.9637
     49.1661
     49.2848
     49.3728
     49.6278
     49.7808
     49.9697
     50.0831
     50.1474
     50.2284
     50.3159
     50.4107
     50.6472
     50.8798
      50.905
     50.9555
     51.1613
     51.2433
     51.3494
     51.5059
     51.6145
     51.6786
     51.7904
     51.9558
     52.1045
     52.2487
     52.4135
      52.496
     52.6369
     52.7667
     52.8024
     52.8831
     53.0596
     53.2042
     53.2604
       53.48
     53.5535
     53.5643
     53.8166
     53.9692
     54.0548
     54.2178
     54.3497
     54.7564
     54.8427
     55.0431
     55.4386
     55.6945
     55.7317
     55.8357
     56.1258
     56.3332
     56.6422
     56.9301
     57.3044
     57.3281
     57.6936
     57.8375
     58.0608
      58.481
     58.5702
     58.7529
     58.9056
     59.1934
     59.3265
     59.5779
     60.0464
      60.259
     60.7825
      60.871
     61.1999
     61.7941
     62.1503
     62.8447
     63.3597
     63.6101
     64.0168
     64.5177
      64.759
     64.9531
     65.3882
     65.7914
     66.8497
     66.9608
     67.4804
     68.6481
     70.1141
     70.3947
     70.6557
     71.5388
      74.676
     75.3964
     76.5496
     79.7591
     81.9402
