-200 -3.11538 -2.28681 5.81978 10.1375
-198 -3.11514 -2.28657 5.82131 10.1349
-196 -3.1149 -2.28633 5.82284 10.1324
-194 -3.11466 -2.2861 5.82438 10.13
-192 -3.11442 -2.28586 5.82593 10.1276
-190 -3.11418 -2.28562 5.82748 10.1252
-188 -3.11395 -2.28539 5.82905 10.1229
-186 -3.11372 -2.28516 5.83062 10.1207
-184 -3.11349 -2.28493 5.8322 10.1185
-182 -3.11326 -2.2847 5.83378 10.1163
-180 -3.11304 -2.28447 5.83538 10.1142
-178 -3.11282 -2.28425 5.83698 10.1122
-176 -3.1126 -2.28403 5.83859 10.1102
-174 -3.11238 -2.28381 5.84021 10.1083
-172 -3.11216 -2.28359 5.84184 10.1064
-170 -3.11195 -2.28338 5.84347 10.1046
-168 -3.11174 -2.28317 5.84512 10.1028
-166 -3.11153 -2.28296 5.84677 10.101
-164 -3.11133 -2.28275 5.84842 10.0994
-162 -3.11113 -2.28255 5.85009 10.0977
-160 -3.11093 -2.28235 5.85176 10.0962
-158 -3.11073 -2.28215 5.85344 10.0946
-156 -3.11053 -2.28195 5.85513 10.0932
-154 -3.11034 -2.28175 5.85683 10.0918
-152 -3.11014 -2.28156 5.85853 10.0904
-150 -3.10995 -2.28136 5.86025 10.0891
-148 -3.10975 -2.28116 5.86197 10.0878
-146 -3.10955 -2.28097 5.86369 10.0866
-144 -3.10936 -2.28077 5.86543 10.0855
-142 -3.10916 -2.28057 5.86717 10.0844
-140 -3.10895 -2.28037 5.86892 10.0833
-138 -3.10875 -2.28016 5.87068 10.0823
-136 -3.10853 -2.27995 5.87245 10.0814
-134 -3.10831 -2.27973 5.87422 10.0805
-132 -3.10808 -2.2795 5.876 10.0796
-130 -3.10785 -2.27926 5.87779 10.0788
-128 -3.1076 -2.27902 5.87959 10.0781
-126 -3.10734 -2.27876 5.8814 10.0774
-124 -3.10706 -2.27848 5.88321 10.0768
-122 -3.10677 -2.27819 5.88503 10.0762
-120 -3.10646 -2.27789 5.88686 10.0757
-118 -3.10614 -2.27756 5.88869 10.0752
-116 -3.10579 -2.27721 5.89054 10.0748
-114 -3.10541 -2.27684 5.89239 10.0744
-112 -3.10502 -2.27644 5.89424 10.0741
-110 -3.10459 -2.27602 5.89611 10.0738
-108 -3.10414 -2.27557 5.89798 10.0736
-106 -3.10365 -2.27508 5.89987 10.0734
-104 -3.10313 -2.27457 5.90175 10.0733
-102 -3.10258 -2.27402 5.90365 10.0733
-100 -3.10199 -2.27343 5.90555 10.0733
-98 -3.10137 -2.27281 5.90747 10.0733
-96 -3.10071 -2.27215 5.90939 10.0734
-94 -3.10001 -2.27145 5.91131 10.0736
-92 -3.09927 -2.27071 5.91325 10.0738
-90 -3.09849 -2.26993 5.91519 10.074
-88 -3.09767 -2.26911 5.91714 10.0743
-86 -3.09682 -2.26826 5.9191 10.0747
-84 -3.09593 -2.26737 5.92106 10.0751
-82 -3.09501 -2.26644 5.92303 10.0756
-80 -3.09405 -2.26548 5.92501 10.0761
-78 -3.09307 -2.2645 5.927 10.0767
-76 -3.09206 -2.26348 5.92899 10.0773
-74 -3.09102 -2.26244 5.93099 10.078
-72 -3.08997 -2.26138 5.933 10.0787
-70 -3.0889 -2.26031 5.93502 10.0795
-68 -3.08783 -2.25923 5.93705 10.0803
-66 -3.08675 -2.25814 5.93908 10.0812
-64 -3.08567 -2.25706 5.94112 10.0821
-62 -3.08459 -2.25597 5.94316 10.0831
-60 -3.08353 -2.2549 5.94522 10.0842
-58 -3.08249 -2.25385 5.94728 10.0853
-56 -3.08147 -2.25282 5.94935 10.0864
-54 -3.08047 -2.25181 5.95142 10.0876
-52 -3.07951 -2.25084 5.95351 10.0889
-50 -3.07858 -2.2499 5.9556 10.0902
-48 -3.0777 -2.249 5.9577 10.0915
-46 -3.07685 -2.24814 5.9598 10.0929
-44 -3.07605 -2.24733 5.96192 10.0944
-42 -3.0753 -2.24656 5.96404 10.0959
-40 -3.07459 -2.24584 5.96617 10.0975
-38 -3.07393 -2.24517 5.9683 10.0991
-36 -3.07331 -2.24454 5.97044 10.1008
-34 -3.07275 -2.24396 5.97259 10.1025
-32 -3.07222 -2.24343 5.97475 10.1043
-30 -3.07174 -2.24293 5.97692 10.1061
-28 -3.07129 -2.24248 5.97909 10.108
-26 -3.07088 -2.24206 5.98127 10.1099
-24 -3.0705 -2.24167 5.98345 10.1119
-22 -3.07015 -2.24132 5.98565 10.1139
-20 -3.06983 -2.24099 5.98785 10.116
-18 -3.06953 -2.2407 5.99006 10.1181
-16 -3.06925 -2.24042 5.99227 10.1203
-14 -3.06899 -2.24017 5.9945 10.1225
-12 -3.06874 -2.23993 5.99673 10.1248
-10 -3.06851 -2.23971 5.99896 10.1272
-8 -3.06829 -2.23951 6.00121 10.1296
-6 -3.06807 -2.23932 6.00346 10.132
-4 -3.06786 -2.23914 6.00572 10.1345
-2 -3.06765 -2.23897 6.00799 10.1371
0 -3.06744 -2.2388 6.01026 10.1397
2 -3.06723 -2.23863 6.01254 10.1423
4 -3.067 -2.23846 6.01483 10.145
6 -3.06676 -2.23828 6.01712 10.1478
8 -3.06651 -2.2381 6.01943 10.1506
10 -3.06623 -2.23791 6.02174 10.1534
12 -3.06593 -2.23769 6.02405 10.1563
14 -3.0656 -2.23746 6.02638 10.1593
16 -3.06523 -2.23721 6.02871 10.1623
18 -3.06484 -2.23694 6.03104 10.1654
20 -3.0644 -2.23663 6.03339 10.1685
22 -3.06392 -2.2363 6.03574 10.1716
24 -3.0634 -2.23593 6.0381 10.1749
26 -3.06283 -2.23554 6.04047 10.1781
28 -3.06222 -2.23511 6.04284 10.1814
30 -3.06157 -2.23466 6.04522 10.1848
32 -3.06087 -2.23417 6.04761 10.1882
34 -3.06013 -2.23365 6.05 10.1917
36 -3.05935 -2.23311 6.0524 10.1952
38 -3.05853 -2.23254 6.05481 10.1988
40 -3.05767 -2.23196 6.05723 10.2024
42 -3.05678 -2.23135 6.05965 10.2061
44 -3.05586 -2.23072 6.06208 10.2098
46 -3.05491 -2.23009 6.06452 10.2135
48 -3.05393 -2.22944 6.06696 10.2174
50 -3.05293 -2.22878 6.06941 10.2212
52 -3.05192 -2.22813 6.07187 10.2252
54 -3.05089 -2.22747 6.07434 10.2291
56 -3.04985 -2.22682 6.07681 10.2331
58 -3.0488 -2.22617 6.07929 10.2372
60 -3.04775 -2.22553 6.08177 10.2413
62 -3.04669 -2.22491 6.08426 10.2455
64 -3.04564 -2.2243 6.08676 10.2497
66 -3.04459 -2.2237 6.08927 10.254
68 -3.04354 -2.22312 6.09178 10.2583
70 -3.04251 -2.22257 6.0943 10.2627
72 -3.04148 -2.22203 6.09683 10.2671
74 -3.04047 -2.22152 6.09936 10.2716
76 -3.03947 -2.22103 6.1019 10.2761
78 -3.03849 -2.22056 6.10445 10.2807
80 -3.03752 -2.22012 6.10701 10.2853
82 -3.03657 -2.21971 6.10957 10.2899
84 -3.03565 -2.21932 6.11214 10.2947
86 -3.03474 -2.21896 6.11471 10.2994
88 -3.03385 -2.21863 6.11729 10.3042
90 -3.03299 -2.21832 6.11988 10.3091
92 -3.03215 -2.21804 6.12248 10.314
94 -3.03133 -2.21779 6.12508 10.319
96 -3.03054 -2.21756 6.12769 10.324
98 -3.02977 -2.21736 6.13031 10.329
100 -3.02903 -2.21718 6.13293 10.3341
102 -3.02831 -2.21702 6.13556 10.3393
104 -3.02761 -2.2169 6.13819 10.3445
106 -3.02694 -2.21679 6.14084 10.3498
108 -3.0263 -2.21671 6.14349 10.3551
110 -3.02568 -2.21665 6.14614 10.3604
112 -3.02508 -2.21661 6.14881 10.3658
114 -3.02451 -2.21659 6.15148 10.3712
116 -3.02397 -2.21659 6.15415 10.3767
118 -3.02345 -2.21661 6.15684 10.3823
120 -3.02296 -2.21665 6.15953 10.3879
122 -3.02249 -2.21671 6.16222 10.3935
124 -3.02204 -2.21679 6.16493 10.3992
126 -3.02162 -2.21688 6.16764 10.4049
128 -3.02122 -2.21699 6.17035 10.4107
130 -3.02085 -2.21711 6.17308 10.4165
132 -3.0205 -2.21724 6.17581 10.4224
134 -3.02017 -2.21739 6.17854 10.4283
136 -3.01986 -2.21756 6.18128 10.4343
138 -3.01957 -2.21773 6.18403 10.4403
140 -3.01931 -2.21792 6.18679 10.4464
142 -3.01907 -2.21812 6.18955 10.4525
144 -3.01884 -2.21832 6.19232 10.4586
146 -3.01864 -2.21854 6.1951 10.4648
148 -3.01845 -2.21877 6.19788 10.4711
150 -3.01829 -2.219 6.20067 10.4774
152 -3.01814 -2.21924 6.20347 10.4837
154 -3.01801 -2.21949 6.20627 10.4901
156 -3.01789 -2.21974 6.20908 10.4965
158 -3.01779 -2.22 6.21189 10.503
160 -3.01771 -2.22027 6.21472 10.5095
162 -3.01764 -2.22054 6.21754 10.5161
164 -3.01759 -2.22081 6.22038 10.5227
166 -3.01754 -2.22108 6.22322 10.5294
168 -3.01752 -2.22136 6.22607 10.5361
170 -3.0175 -2.22164 6.22892 10.5429
172 -3.01749 -2.22192 6.23178 10.5497
174 -3.0175 -2.2222 6.23465 10.5565
176 -3.01752 -2.22249 6.23752 10.5634
178 -3.01754 -2.22277 6.2404 10.5704
180 -3.01758 -2.22305 6.24329 10.5774
182 -3.01762 -2.22332 6.24618 10.5844
184 -3.01767 -2.2236 6.24908 10.5915
186 -3.01772 -2.22387 6.25199 10.5986
188 -3.01779 -2.22414 6.2549 10.6058
190 -3.01785 -2.22441 6.25782 10.613
192 -3.01793 -2.22467 6.26074 10.6202
194 -3.018 -2.22493 6.26367 10.6275
196 -3.01808 -2.22518 6.26661 10.6349
198 -3.01817 -2.22543 6.26956 10.6423
