0 36.3255 32.82
1 29.5105 27.29
2 18.6521 19.7
3 12.886 12.66
4 10.0439 8.46
5 8.27288 6.45
6 7.19856 4.86
7 6.42446 5.2
8 6.21454 6.32
9 5.97615 7.2
10 6.02283 6.34
11 6.20367 5.65
12 6.4029 5.87
13 7.69497 6.06
14 9.05617 7.92
15 10.4061 9.95
16 8.34142 8.44
17 8.18969 7.62
18 10.2004 8.51
19 10.8246 12.18
20 10.1052 12.8
21 10.2365 11.33
22 13.5724 10.65
23 15.8278 11.02
24 10.8499 9.08
25 11.0956 8.68
26 10.1114 8.63
27 10.3085 9
28 10.2742 9.57
29 9.13316 9.34
30 9.45103 8.16
31 9.44224 9.33
32 9.35346 8.65
33 12.7791 9.87
34 13.317 8.95
35 9.6946 8.13
36 9.11875 9.82
37 7.73964 7.31
38 8.30505 6.44
39 8.13737 6.07
40 9.6037 7.64
41 11.0066 8.78
42 12.3995 9.32
43 18.1112 11.29
44 16.5615 13.23
45 15.1669 13.66
46 12.5395 13.18
47 9.64299 13.48
48 11.3052 15.49
49 9.5066 13.9
50 8.36926 10.93
51 10.5051 10.37
52 10.4609 8.22
53 8.85335 6.8
54 7.34976 7.55
55 6.74659 5.85
56 7.22572 5.63
57 7.73231 6.04
58 10.2804 8.1
59 13.0747 8.86
60 15.131 10.72
61 21.9026 12.64
62 20.2218 12.86
63 13.3716 11.88
64 10.0999 9.66
65 8.23058 8.32
66 8.20121 6.7
67 7.25228 5.98
68 7.63341 6.32
69 8.17114 6.81
70 9.0357 6.71
71 11.0421 10.67
72 12.0339 14.96
73 15.2843 16.81
74 15.3292 18.44
75 20.7123 20.24
76 13.7869 19.2
77 12.6409 17.62
78 15.0625 15.45
79 12.5827 13.67
80 9.78841 12.6
81 10.5514 14.58
82 10.7599 15.15
83 8.84862 12.57
84 8.23103 12.75
85 10.1577 12.01
86 11.6965 11.38
87 21.1304 13.85
88 18.2594 13.82
89 15.0013 10.28
90 11.806 8.3
91 9.38349 6.96
92 9.97358 6.08
93 9.47221 5.25
94 9.32242 5.5
95 9.21898 7.62
96 9.49215 8.45
97 10.7062 10.06
98 9.72874 11.18
99 11.989 13.08
100 11.6873 16.5
101 15.6462 22.57
102 22.5164 24.28
103 18.6551 23.66
104 19.6587 22.66
105 15.37 20.64
106 12.3357 16.42
107 11.3951 11.94
108 8.99061 8.92
109 8.44529 7.1
110 7.39788 5.76
111 7.47301 5.46
112 8.07986 5.33
113 9.59006 8.47
114 12.4749 7.75
115 14.5575 8.45
116 13.2004 9.07
117 14.2787 12.73
118 11.3351 11.44
119 11.8477 9.35
120 10.2223 9.4
121 8.96332 7.11
122 9.99414 6.79
123 10.7231 6.68
124 10.6038 7.09
125 8.11223 6.4
126 8.11578 6.08
127 9.46625 7.44
128 8.11089 7.66
129 7.19367 5.67
130 8.16701 7.38
131 9.11437 8.91
132 8.08068 6.41
133 7.96967 7.28
134 10.4956 8.49
135 10.8135 8.9
136 9.58566 10.34
137 11.0375 11.11
138 9.3803 9.75
139 12.7817 10.42
140 14.7402 13.49
141 14.9594 13.31
142 10.4063 9.52
143 10.4871 9.45
144 13.8405 11.18
145 10.8953 11.5
146 8.94637 7.72
147 11.2507 7.89
148 13.3575 8.4
149 10.7341 9.44
150 13.1362 9.75
151 11.6171 8.93
152 13.6953 9.51
153 18.7666 13.34
154 15.7139 10.99
155 18.8589 10.76
156 21.9173 14.5
157 23.6394 21.1
158 15.4843 23.66
159 15.31 24.39
160 20.3146 26.3
161 15.6634 29.04
162 12.1817 29.71
163 15.4658 32.6
164 19.7355 34.16
165 13.289 36.08
166 12.8726 38.9
167 21.9491 41.54
168 28.08 41.81
