-5.75165e-14
 1.66969e-14
 3.70376e-14
 4.23972e-14
  4.8848e-14
 1.20078e-13
     4.13028
     4.47521
     4.77112
     5.33774
      5.7202
     6.12139
     6.64387
     7.04763
     7.41005
      7.8293
     7.98554
     8.38293
     8.65492
     8.78508
     9.03846
     9.19598
     9.34904
     9.81139
     9.99576
     10.1963
     10.3002
     10.4912
     10.6627
     10.7858
     11.2767
     11.4108
     11.5312
     11.7943
     12.0191
     12.2466
     12.2793
     12.5254
     12.6985
     12.8467
     13.0296
     13.2015
     13.4694
     13.5915
     13.8829
     14.0007
     14.1287
     14.3632
     14.5388
     14.6854
     14.7503
     14.8049
      15.008
     15.1185
     15.1574
     15.3628
     15.4231
     15.5289
     15.5752
     15.7509
     16.1655
     16.3378
     16.6191
     16.8193
     16.8684
     16.9614
     17.0445
     17.2746
     17.3018
     17.3734
     17.4596
     17.6106
     17.6695
     17.8863
     18.0939
     18.2085
     18.3074
     18.4351
     18.7116
     18.9042
     18.9416
     19.0989
     19.2764
     19.3043
     19.3835
     19.4266
     19.6181
     19.7836
     19.8895
     19.9811
     20.0987
     20.1444
     20.2729
      20.318
     20.5039
     20.6545
     20.7372
     20.8272
     21.0013
      21.039
     21.0818
     21.2103
     21.3249
     21.4981
     21.5506
      21.593
     21.6868
     21.7427
      21.884
     21.8952
     21.9722
     22.0476
     22.1332
     22.3128
     22.3401
     22.4491
     22.6372
     22.6517
      22.747
     22.9666
     23.0209
     23.0579
     23.2389
     23.2908
     23.3235
     23.3955
     23.4569
     23.6022
     23.7572
     23.8027
     23.8618
     24.1128
     24.1367
     24.2741
     24.3405
     24.4339
     24.5724
     24.6502
     24.7465
     24.8635
     24.9255
     25.0301
     25.0948
     25.1204
     25.2141
     25.3305
     25.4541
     25.5098
     25.5602
     25.6826
     25.7351
     25.8275
      25.848
     25.9898
     26.1185
     26.1683
     26.2397
     26.2965
     26.3793
     26.4333
     26.4782
     26.5936
     26.6482
     26.6975
     26.7317
     26.8196
     26.8725
     26.9432
     27.0412
     27.0978
     27.1241
     27.2418
     27.2904
     27.3143
     27.4333
     27.5145
     27.5697
     27.6173
     27.6937
     27.7156
     27.8794
     27.9345
       27.99
     28.0367
     28.0733
     28.1321
     28.1944
      28.272
     28.3522
     28.3696
     28.4431
     28.5007
     28.5642
     28.5969
     28.6213
     28.7228
     28.7468
     28.8338
     28.9833
     28.9941
     29.0541
      29.105
     29.1892
      29.315
     29.4053
      29.501
     29.5143
     29.5549
     29.6163
     29.7216
      29.777
     29.8214
     29.8786
     30.0119
     30.0538
     30.1701
     30.2148
     30.3171
     30.3448
     30.4103
     30.5005
     30.7229
     30.7396
     30.8661
     30.8928
      30.956
     31.0222
     31.1086
     31.1901
     31.2071
     31.2985
     31.3836
      31.524
      31.613
     31.7029
     31.7987
      31.857
     31.9857
      32.074
     32.0908
      32.196
     32.2291
     32.2619
      32.316
      32.412
     32.4563
     32.5387
      32.567
     32.6076
     32.6778
     32.7359
     32.8087
      32.866
      32.938
     32.9624
     33.0261
     33.0698
     33.1473
     33.2257
     33.2684
     33.3722
     33.4061
     33.4977
     33.5331
     33.5983
     33.7063
     33.8916
     33.9516
     33.9797
     34.0699
     34.1059
     34.1869
     34.1991
     34.2806
     34.3241
     34.4551
     34.5357
     34.5876
     34.6347
     34.6891
     34.7603
     34.8464
     34.8873
     34.9577
     34.9941
     35.0189
     35.1876
     35.2083
     35.3333
     35.3575
     35.4433
     35.4658
     35.5853
     35.6283
     35.7163
     35.7835
     35.8574
     35.9222
     35.9388
     36.0012
     36.1364
     36.1861
     36.3235
     36.3517
     36.4048
     36.5426
     36.6037
     36.6538
     36.8297
     36.8652
     36.9861
     37.0104
     37.0689
     37.2298
       37.29
     37.3012
     37.5471
     37.6519
      37.808
     37.8392
     37.8908
     37.9945
     38.0755
     38.1205
      38.277
     38.3574
     38.4546
     38.5643
     38.7368
     38.7751
     38.8005
     38.9702
     39.0527
     39.1492
     39.2607
      39.357
     39.6528
     39.7049
     39.8052
     40.0127
     40.1386
     40.2257
     40.3677
     40.5217
     40.6633
     40.7006
     40.8239
     40.8952
     41.0584
     41.1552
     41.4156
     41.5143
      41.622
     41.7104
     41.8491
     41.9387
      42.084
     42.2179
      42.366
     42.4399
     42.5188
     42.6607
     42.7735
     42.8859
     42.9705
     43.0376
     43.1156
     43.3421
     43.4393
     43.5851
     43.6556
     43.6629
     43.8179
     43.9585
     44.0719
     44.2491
     44.4106
     44.4549
     44.4977
     44.5591
       44.74
     44.7808
      44.928
     45.0999
     45.1314
     45.2177
     45.2755
     45.3421
     45.4739
     45.6415
     45.7466
     45.8568
     45.8967
     46.1263
     46.1744
     46.2759
     46.4392
     46.6835
     46.8017
     47.0025
     47.1842
     47.2763
     47.5665
     47.5988
     47.7186
     47.9107
     48.0827
      48.165
     48.2071
     48.4153
     48.4876
     48.7247
     48.9459
     49.0853
     49.2645
      49.372
     49.6108
     49.6356
     49.9624
      50.041
     50.0901
      50.207
     50.3042
     50.3853
     50.5835
     50.7919
     50.8847
     50.9076
      51.057
     51.2224
     51.2764
     51.3522
     51.5153
     51.6687
     51.7903
     51.9054
     52.0933
     52.1982
     52.3866
     52.4885
     52.5028
     52.6904
     52.7975
     52.8679
     53.0518
     53.1667
     53.2459
     53.4776
     53.5223
      53.555
     53.6452
     53.8226
     53.9752
     54.1118
     54.3245
     54.4134
     54.7738
     55.0059
     55.3294
     55.4493
      55.728
      55.828
     55.8539
     56.3331
     56.3573
     56.8978
       56.98
     57.3094
     57.4714
     57.7189
     57.8972
     58.1108
     58.5246
     58.6686
     58.8964
     59.0317
     59.2784
     59.4857
     60.0219
     60.1733
     60.6815
     60.7844
     61.1994
     61.7921
     62.1097
     62.8447
     62.9652
     63.3837
     63.8951
     64.3236
     64.7406
     64.9496
     65.3821
     65.7881
     66.7633
     66.9566
     67.4785
     68.5991
     69.9945
     70.2296
     70.6545
     71.4906
     74.6676
     75.2048
     75.6385
     76.5702
     80.1037
