-3.6639e-06
-7.9996e-07
1.18331e-06
3.17349e-06
4.20488e-06
5.98066e-06
    3.87682
    4.13294
    5.18381
    5.87151
    6.18748
    6.55869
    7.29958
    7.46604
    7.76514
    8.09028
    8.27688
    8.41512
    9.01346
     9.2914
    9.51155
    9.77994
    9.95249
    10.2593
    10.3735
    10.7543
    10.8261
    10.9764
    11.1603
    11.2759
    11.4347
    11.4883
    11.6355
    11.6638
    11.9125
    12.0836
    12.2306
    12.4329
    12.5908
    12.6559
    12.7263
    12.8784
    12.9931
    13.2117
    13.3935
    13.5407
    13.6981
    13.8952
    14.1015
    14.2417
    14.3698
    14.6355
    14.8252
    14.9448
    15.1221
    15.2919
    15.4952
    15.6274
     15.687
    15.8297
    15.9896
    16.0309
    16.3291
    16.4038
    16.4478
    16.7009
      16.76
    16.9248
    17.0582
    17.1853
    17.3638
    17.4834
    17.5587
    17.7206
    17.8498
    17.8869
    18.0571
    18.1962
    18.2856
    18.4715
     18.611
    18.7862
    18.9862
    19.0412
    19.1748
    19.3557
    19.3983
    19.5134
     19.554
    19.7247
    19.8206
    19.8477
    20.0289
     20.145
    20.5804
    20.7189
     20.886
    20.9855
    21.0706
    21.4726
    21.5869
      21.67
    21.8894
    22.0703
    22.2563
    22.3973
    22.6197
    22.6928
    23.0096
    23.3193
    23.4901
    23.8316
    24.0065
    24.1791
     24.335
    24.5166
    24.6613
    24.8414
    24.9559
    25.0012
    25.1207
    25.2273
    25.4162
    25.4465
    25.6152
    25.9308
    26.0161
    26.0721
    26.2143
    26.3133
    26.4958
    26.7357
    26.8847
    26.9181
    27.0839
    27.2211
    27.3727
     27.403
    27.6106
    27.7088
    27.8535
    27.9092
    27.9705
    28.2899
     28.341
    28.4565
     28.485
    28.5977
    28.6779
    28.7505
    28.8198
    28.8668
    28.9463
    29.1554
    29.2488
    29.2743
    29.4082
     29.578
    29.7096
    29.7718
    30.0432
    30.2399
    30.3349
    30.4472
    30.5559
    30.6437
    30.7067
    31.0268
    31.1946
    31.4086
    31.6783
    31.8985
     31.978
    32.0819
    32.4834
    32.5991
    32.7246
    32.8801
    33.1108
    33.2201
    33.3342
    33.4725
    33.7224
     33.777
    33.9952
    34.1207
    34.3318
    34.4428
    34.5787
    35.1385
    35.2882
    35.5563
    35.9173
    36.2046
    36.3843
    36.4573
    36.8602
    36.9788
     37.096
    37.3656
    37.8337
     38.051
    38.0968
    38.2841
    38.4406
     38.544
    38.7938
    38.8721
    38.9871
    39.1601
    39.2845
    39.5282
    39.5907
    39.8775
    40.0719
    40.2465
    40.4806
     40.737
    41.4578
    41.5774
    41.8802
    42.2262
    42.4185
    42.4922
    42.8725
    42.9649
    43.5088
    43.6923
    43.7561
    44.0693
     44.253
    44.6613
    44.9353
     45.386
    45.4294
    45.8003
    46.1651
    46.4072
    46.4654
     46.886
    47.1006
     47.304
    47.6219
    47.9134
    48.1385
    48.4964
    48.5453
    48.8412
    49.2486
    49.5083
    49.7927
    49.9504
    50.2876
    50.7083
    50.9581
    51.1286
    52.0144
    52.1248
    53.2705
    53.3737
    54.2434
     54.921
    55.4488
    56.1682
    57.2383
    58.1802
    58.3938
    59.0123
    59.0247
    62.9882
