6 0.0291674
7 0.280289
8 0.309229
9 0.228031
10 0.0346402
11 0.116031
12 0.135688
13 0.154625
14 0.154814
15 0.0259922
16 0.169546
17 0.144208
18 0.111587
19 0.178797
20 0.147005
21 0.0780833
22 0.0821929
23 0.127894
24 0.0859333
25 0.124262
26 0.0729598
27 0.210751
28 0.128597
29 0.161084
30 0.197536
31 0.14105
32 0.234237
33 0.181105
34 0.198108
35 0.29268
36 0.143914
37 0.0598002
38 0.274343
39 0.212103
40 0.323004
41 0.276746
42 0.180883
43 0.295779
44 0.226506
45 0.250074
46 0.224451
47 0.29861
48 0.139837
49 0.125195
50 0.200895
51 0.255173
52 0.345098
53 0.27792
54 0.357314
55 0.249219
56 0.233226
57 0.214204
58 0.205047
59 0.169211
60 0.193368
61 0.277399
62 0.27721
63 0.191762
64 0.228688
65 0.219357
66 0.265131
67 0.16005
68 0.213578
69 0.220341
70 0.280361
71 0.277137
72 0.183465
73 0.323339
74 0.131663
75 0.239104
76 0.397729
77 0.383853
78 0.267519
79 0.236975
80 0.195524
81 0.291063
82 0.250231
83 0.360913
84 0.319239
85 0.278863
86 0.137605
87 0.202834
88 0.393787
89 0.453045
90 0.257477
91 0.267782
92 0.227548
93 0.374518
94 0.304652
95 0.337674
96 0.276205
97 0.201204
98 0.200165
99 0.265569
100 0.23134
101 0.375121
102 0.263122
103 0.38706
104 0.228306
105 0.256277
106 0.280838
107 0.304495
108 0.245311
109 0.231078
110 0.289901
111 0.294463
112 0.243872
113 0.334665
114 0.271356
115 0.355093
116 0.341548
117 0.464907
118 0.392733
119 0.286859
120 0.244376
121 0.199496
122 0.338015
123 0.305054
124 0.317344
125 0.315328
126 0.366703
127 0.310494
128 0.292187
129 0.355194
130 0.143726
131 0.432573
132 0.338126
133 0.418564
134 0.287077
135 0.333086
136 0.233306
137 0.405873
138 0.392351
139 0.270036
140 0.499561
141 0.336119
142 0.412354
143 0.375623
144 0.3441
145 0.30272
146 0.398241
147 0.30867
148 0.333384
149 0.329661
150 0.235347
151 0.461318
152 0.219056
153 0.224914
154 0.38154
155 0.23455
156 0.412477
157 0.289689
158 0.33184
159 0.400077
160 0.449043
161 0.330751
162 0.392743
163 0.230425
164 0.364112
165 0.397699
166 0.351334
167 0.468083
168 0.380174
169 0.351843
170 0.55038
171 0.483227
172 0.441031
173 0.336961
174 0.446934
175 0.267707
176 0.32893
177 0.443488
178 0.459203
179 0.346493
180 0.357739
181 0.398667
182 0.476975
183 0.371529
184 0.345166
185 0.452773
186 0.32054
187 0.394937
188 0.35962
189 0.363794
190 0.278103
191 0.416453
192 0.457161
193 0.435143
194 0.438855
195 0.401729
196 0.470413
197 0.36519
198 0.457364
199 0.444955
200 0.286099
201 0.477608
202 0.527696
203 0.337416
204 0.357219
205 0.381906
206 0.422823
207 0.46204
208 0.335579
209 0.45551
210 0.447278
211 0.314112
212 0.47409
213 0.343902
214 0.388714
215 0.334562
216 0.411834
217 0.460243
218 0.401096
219 0.431389
220 0.347438
221 0.473647
222 0.371218
223 0.397803
224 0.477803
225 0.387078
226 0.319674
227 0.398479
228 0.456067
229 0.404135
230 0.439417
231 0.381311
232 0.416706
233 0.367548
234 0.345632
235 0.342397
236 0.426898
237 0.443979
238 0.362892
239 0.283374
240 0.374363
241 0.391164
242 0.390035
243 0.299696
244 0.340337
245 0.35667
246 0.392658
247 0.383963
248 0.498271
249 0.452329
250 0.363431
251 0.328005
252 0.484836
253 0.429777
254 0.461474
255 0.377982
256 0.540264
257 0.434277
258 0.324037
259 0.353593
260 0.452847
261 0.310417
262 0.493703
263 0.546042
264 0.393573
265 0.371082
266 0.467845
267 0.428356
268 0.397043
269 0.477207
270 0.448219
271 0.464459
272 0.430063
273 0.42637
274 0.33538
275 0.534393
276 0.392061
277 0.4736
278 0.390396
279 0.372325
280 0.483569
281 0.37054
282 0.348075
283 0.367092
284 0.276447
285 0.442947
286 0.442921
287 0.431815
288 0.388919
289 0.311888
290 0.369217
291 0.427513
292 0.417091
293 0.370456
294 0.476464
295 0.482346
296 0.49463
297 0.469672
298 0.476975
299 0.202853
300 0.409679
301 0.469399
302 0.33046
303 0.291193
304 0.370201
305 0.498614
306 0.43936
307 0.468911
308 0.392695
309 0.383155
310 0.397656
311 0.370219
312 0.42448
313 0.29363
314 0.274615
315 0.379841
316 0.408948
317 0.391191
318 0.373013
319 0.322341
320 0.391981
321 0.424814
322 0.443273
323 0.351922
324 0.323499
325 0.443105
326 0.475636
327 0.343093
328 0.308353
329 0.283517
330 0.384806
331 0.37223
332 0.396039
333 0.371201
334 0.465786
335 0.297857
336 0.352757
337 0.387275
338 0.432367
339 0.359866
340 0.2927
341 0.363264
342 0.473411
343 0.276924
344 0.510699
345 0.5171
346 0.263699
347 0.247644
348 0.350596
349 0.340667
350 0.409608
351 0.205072
352 0.351227
353 0.395617
354 0.394435
355 0.452298
356 0.243606
357 0.410965
358 0.420779
359 0.526491
360 0.346059
361 0.30232
362 0.484453
363 0.461108
364 0.400872
365 0.227427
366 0.328529
367 0.329377
368 0.524729
369 0.363515
370 0.202843
371 0.491964
372 0.334388
373 0.327941
374 0.345576
375 0.373466
376 0.472224
377 0.412439
378 0.367832
379 0.336414
380 0.220592
381 0.331497
382 0.236732
383 0.343257
384 0.198759
385 0.347514
386 0.201308
387 0.175429
388 0.325514
389 0.278888
390 0.316213
391 0.348457
392 0.284808
393 0.319902
394 0.269874
395 0.399069
396 0.463105
397 0.47908
398 0.317551
399 0.247182
400 0.433171
401 0.455473
402 0.251454
403 0.381252
404 0.249159
405 0.350764
406 0.286691
407 0.338711
408 0.316568
409 0.295332
410 0.296353
411 0.336614
412 0.154924
413 0.130727
414 0.294444
415 0.248932
416 0.297237
417 0.361055
418 0.279056
419 0.360089
420 0.447097
421 0.234844
422 0.328222
423 0.297202
424 0.182632
425 0.182264
426 0.212556
427 0.334199
428 0.18168
429 0.351048
430 0.3986
431 0.292881
432 0.317076
433 0.349949
434 0.106955
435 0.358929
436 0.159658
437 0.28723
438 0.290077
439 0.289231
440 0.323158
441 0.460661
442 0.359885
443 0.265618
444 0.124804
445 0.305359
446 0.189641
447 0.341317
448 0.338845
449 0.308581
450 0.267215
451 0.123352
452 0.21203
453 0.238294
454 0.305855
455 0.2806
456 0.348184
457 0.444189
458 0.0869073
459 0.362573
460 0.278399
461 0.338803
462 0.284441
463 0.295671
464 0.255878
465 0.243558
466 0.334894
467 0.232293
468 0.293735
469 0.207214
470 0.234919
471 0.246671
472 0.202236
473 0.218398
474 0.221575
475 0.280146
476 0.412587
477 0.3137
478 0.161332
479 0.358977
480 0.134534
481 0.205749
482 0.249575
483 0.0804644
484 0.271284
485 0.123452
486 0.197739
487 0.149304
488 0.115126
489 0.1188
490 0.123298
491 0.30297
492 0.0762807
493 0.145737
494 0.186491
495 0.141081
496 0.124587
497 0.0612195
498 0.0652222
499 0.229122
500 0.040858
501 0.0598175
502 0.0295284
503 0.026011
504 0.0191181
505 0.0288809
506 0.02074
