k=6        k=7     k=8    k=9        K=263
4.13028 4.47521 4.77112 5.33774     33.5331

0.439942 -0.1220110.169795 0.174045 -0.0391548
-0.713382 -0.170903-0.19339 -0.144771 -0.0228944
0.111014 0.05849580.0242233 0.0114154 0.130411
0.0467074 -0.140501-0.0951635 -0.0379974 0.0460548
-0.284552 -0.1191570.074132 0.0673561 0.0265698
0.0946967 0.0895923-0.00731426 -0.0224666 -0.0786578
0.0227486 -0.0664928-0.0345762 -0.0022983 0.00186838
-0.0458332 -0.03160220.0407376 0.0316747 -0.0162116
0.0218864 0.0350564-0.012009 -0.0201868 -0.0462036
0.00758361 -0.042547-0.00792073 -0.0104941 -0.0104924
-0.0148961 -0.02617170.027343 0.022322 -0.00249432
-0.00471354 0.0186476-0.00738865 -0.00925078 -0.0354952
0.000564507 -0.0271354-0.0107917 -0.00813633 0.0724868
0.00127895 -0.01248060.0116962 0.023557 -0.0145938
0.000274077 0.00921077-0.00363209 -0.0122687 -0.0489101
-0.00434018 -0.0101684-0.007689 -0.00703303 0.0553276
0.00775249 -0.005384190.0171342 0.00686133 -0.0660391
-0.0042257 0.0141232-0.00548222 -0.00751265 -0.005103
-0.00659245 -0.000559671-0.00482641 -0.00561376 -0.00836968
0.0102473 -0.00134550.00838817 0.00655252 0.0214488
-0.00351095 0.00472521-0.00369268 -0.00580427 0.0242264
-0.00670522 0.0121587-0.0109522 -0.00414475 0.00526467
0.0108202 0.004951580.0116252 -0.00856709 0.0169824
-0.00309242 0.00871447-0.00477848 -0.00672993 0.0189336
-0.00579377 0.0171845-0.00979943 -0.0028845 0.0157064
0.00850906 0.006532660.0100458 -0.014776 0.00381017
-0.00249113 0.00698455-0.00399973 -0.00440596 0.0180303
-0.00440192 0.0190009-0.0136136 -0.00251315 0.0181318
0.00596399 0.006616280.0113521 -0.0152044 -0.000327556
-0.00164298 0.00921158-0.00620953 -0.00435602 0.0153059
-0.00634505 0.0226165-0.0128423 -0.00475008 0.026888
0.00694717 0.005069740.00886244 -0.0131436 -0.00418223
-0.00333001 0.00655396-0.00700852 -0.00238568 0.0152283
-0.0084658 0.0230778-0.0173156 -0.00411458 0.0185887
0.0115905 0.00473160.0118694 -0.0167608 0.0052546
-0.00497005 0.00999377-0.00650546 -0.00317935 0.0125949
-0.00802383 0.027167-0.0162026 -0.00476995 0.0241142
0.00822128 0.007402790.0113518 -0.0168525 0.00238483
-0.00531609 0.00955341-0.00774866 -0.0107974 0.0119473
-0.011845 0.0397649-0.0119466 -0.00806143 -0.0421484
0.00854548 0.0008170460.0100849 -0.0165515 0.0323144
-0.00819442 0.0107413-0.0103795 -0.00543496 0.00254772
-0.017274 0.0521524-0.0244007 -0.00682963 0.0180445
0.0122118 -0.006226170.0162086 -0.0180208 0.040868
-0.00848954 0.0129684-0.0143108 0.000991866 -0.0215625
-0.0263078 0.0610613-0.00905588 0.00415754 0.0434567
0.0164485 -0.01865660.00571892 -0.0146977 -0.00519535
-0.0148105 0.0119536-0.00893869 0.0201728 -0.0709699
-0.0204079 0.0457891-0.0106343 0.00236345 -0.082653
0.0177534 -0.01724730.00609586 -0.0168059 -0.0237957
-0.0103187 0.0080124-0.00628968 0.010609 -0.0214917
-0.0173407 0.0294199-0.0243629 0.00508289 0.0143323
0.0190702 -0.00492430.0205657 -0.0221116 0.038315
-0.00685384 0.0138626-0.00297393 0.00638782 0.0096558
-0.0282122 0.0414549-0.0307479 0.0156264 0.0420301
0.0250338 -0.01760350.0267647 -0.0280685 0.0943995
-0.007684 0.01937370.00061217 0.0142688 -0.124644
-0.0316078 0.0344227-0.0188888 0.0220223 0.109924
0.0356529 -0.02574840.0265256 -0.0339286 0.0798346
-0.0142358 0.006366240.0107622 0.0197771 -0.036571
-0.0231224 0.0100576-0.0285073 0.0144687 -0.0343586
0.0340472 0.003239450.0440963 -0.0415657 0.0364966
-0.0113116 0.02502750.0143005 0.00863198 -0.0520716
-0.0214338 0.00930754-0.0437461 0.013705 -0.0299142
0.0245536 -0.005994430.0541084 -0.031185 -0.0441311
-0.00533152 0.03206660.00412292 0.0034902 -0.0380928
-0.0392917 0.0165636-0.0728407 0.027516 -0.0198073
0.0247115 -0.01618850.0616967 -0.0312553 -0.0105947
0.00955835 0.03828250.0040399 0.00354549 -0.0116041
-0.0261784 0.0122962-0.0936287 0.0238988 -0.0211607
0.00401632 -0.02425340.0684101 -0.0217024 -0.0423778
0.0254053 0.0481063-0.00596272 -0.00598895 -0.0209448
-0.0128716 0.00569317-0.0572072 0.0117239 -0.0353745
0.00082604 -0.009546150.0371899 -0.00800764 -0.0318408
0.015909 0.0361208-0.00284115 -0.0160313 -0.0326358
-0.00542818 0.00773945-0.0668329 0.018488 0.0239722
-0.00420701 -0.008538110.0182581 0.00742547 0.0947901
0.0318419 0.03210980.000349059 -0.0327813 0.0266591
0.00140456 0.0140894-0.0595154 0.0183049 0.0456933
0.00164933 0.000499958-0.000120207 0.0126121 0.084238
0.0223853 0.0181530.00269282 -0.0420544 0.0632745
0.00955528 0.000671796-0.0481028 0.00882117 0.00850859
-0.003022 4.34148e-05-0.0141425 0.0308789 -0.0624608
0.0232677 0.007482410.00562801 -0.0425318 -0.123419
0.00891032 0.00539605-0.0391261 0.00577572 -0.0203929
0.00749148 0.00836381-0.0261788 0.0314435 -0.0299311
0.0103834 -0.0009995730.00940565 -0.0488724 -0.0708328
-0.00283599 0.013782-0.0290936 -0.00104938 0.0362709
0.0177707 0.0117399-0.0210286 0.0112634 -0.0502493
-0.00540679 -0.004099810.00479742 -0.0411858 -0.044647
-0.00732169 0.00431205-0.0100193 -0.00823451 -0.0729618
0.0181883 0.00927903-0.0224147 0.0137154 0.00090428
-0.00653863 -0.01298370.00401253 -0.0246444 -0.0250017
-0.0115103 0.003867850.0023849 -0.00663806 -0.0305144
0.0196368 0.00933232-0.0233195 0.00348137 -0.00593974
-0.00654104 -0.01718840.0014951 -0.00203009 -0.021127
-0.0151457 0.0009719850.0134156 -0.00416239 0.0386481
0.0176621 0.00517848-0.0174608 0.0119108 0.0185637
-0.0045142 -0.0172191-0.0029411 0.0224222 -0.0357842
-0.020266 -0.0001245250.0272358 -0.00216977 0.00643191
0.0239653 0.00541178-0.0335873 0.0130646 0.0325605
-0.00621981 -0.03584660.00170568 0.0526183 0.00874579
-0.0209764 0.005228710.0262842 0.0185326 0.0315382
0.022317 0.00546145-0.0298377 0.000266484 0.0286007
-0.00577733 -0.03779070.00281611 0.0875255 0.000656977
-0.0150923 0.01535220.0127293 0.0101491 0.0425774
0.0134619 0.00411504-0.00840017 -0.00692791 -0.0346706
-0.000968506 -0.00613931-0.00197735 0.0443652 -0.020281
-0.007604 0.0197459-0.0034131 0.0113304 -0.00406493
0.00731634 0.003774510.0030828 -0.0265688 -0.0130702
0.000354072 0.00160102-0.00296036 0.0350717 -0.0248028
-0.00161704 0.0214733-0.0146119 0.00436521 -0.0825053
0.0033003 0.005281060.0107548 -0.029494 -0.0240787
0.00137041 0.0106134-0.00259596 0.013628 -0.130948
0.00203057 0.0224894-0.0224445 0.0063971 -0.0161818
-0.000467944 -0.001637090.0114118 -0.0230098 -0.0279035
0.00675817 0.0199709-0.00571242 0.00748929 -0.0505088
0.0049451 0.0213112-0.0272432 0.000229272 0.103021
-0.00364863 -0.003534650.00987136 -0.0124166 0.038726
0.00985004 0.0206-0.00895014 -0.00493709 0.121942
0.00791154 0.0281798-0.0404266 0.00446838 0.0485429
-0.00254681 0.00162591-0.0034157 0.00182805 -0.0726973
0.0189364 0.0224469-0.0109657 -0.0179745 -0.0609728
0.0102249 0.0333293-0.0516775 0.00616236 0.0847993
-0.000590286 0.0187583-0.0277435 0.0143496 -0.0707542
0.0233621 0.0138736-0.0139312 -0.0245723 -0.00542952
0.00459616 0.0495349-0.0280848 -0.00116743 0.00508895
0.00138534 0.0392753-0.00394535 -0.000987513 0.00915863
0.0239019 0.0152403-0.0136285 -0.0234244 0.051168
0.00727553 0.0817934-0.0359923 -0.00216889 0.0193387
0.00515246 0.0687055-0.0114491 -0.00352897 -0.0190951
0.0345517 0.0210268-0.0124939 -0.0373377 -0.016808
0.0197249 0.0775729-0.10119 0.0167969 0.0209694
0.00316154 0.0544283-0.0587663 0.0236063 -0.0977726
0.0361169 0.0214989-0.0114277 -0.040343 0.0308912
0.0166847 0.0441759-0.0734485 0.00771559 0.0264046
0.00538235 0.0666308-0.0814766 0.0321128 0.0497606
0.0355597 0.000446705-0.0408538 -0.029535 0.00210715
0.0200591 -0.000228031-0.065196 0.00202165 -0.0284538
0.00783526 0.0108614-0.0694853 0.0249589 0.0522726
0.0332002 -0.0270011-0.0372555 -0.0268452 -0.0246073
0.00966225 0.00283856-0.0370813 0.00113066 -0.0448557
0.0125691 0.0101522-0.054279 0.0109567 0.0451269
0.0215872 -0.0280901-0.0264462 -0.0150717 -0.0150825
0.00882523 -0.0153819-0.0241046 -0.00234349 0.0125782
0.017558 0.00226402-0.0704802 0.0124478 -0.00437084
0.0251842 -0.0654676-0.0308825 -0.0159111 -0.0105197
-0.000796278 -0.00506527-0.00540149 -0.000292427 0.016309
0.0178322 -0.00163076-0.0549198 0.00439086 -0.0108171
0.014082 -0.0560787-0.0152485 -0.00365085 0.00773051
0.00451775 -0.0113336-0.0182799 -0.000605737 0.0295575
0.00651884 -0.0121109-0.0334213 0.0132028 -0.0145719
0.0113995 -0.0358218-0.0194362 -0.00388339 -0.0267237
0.0169922 -0.0342973-0.04015 0.00191402 0.0385795
0.00216863 -0.0190911-0.0455484 0.0278464 0.00631632
0.0231888 -0.0464995-0.0256642 -0.0131439 -0.0314982
0.0187475 -0.024362-0.0534518 0.00803643 0.0274663
-0.0020199 -0.0235003-0.0293633 0.0225379 0.0171698
0.0209139 -0.0166825-0.0264418 -0.012394 -0.0373166
0.0112313 0.00268625-0.0472241 0.0107595 0.0540669
-0.00195292 -0.0102975-0.0154638 0.00844621 -0.0244605
0.015598 0.00885161-0.0151122 -0.0147478 -0.0397398
0.00328957 0.013848-0.0261467 0.00123754 -0.137268
0.0036329 0.000759204-0.00500316 -0.00491982 -0.0835282
0.0101134 0.00495174-0.0123027 -0.00837963 -0.0655883
-0.000981534 0.0184603-0.0161258 0.000676691 -0.0382392
0.0034834 0.003869920.00961541 -0.015048 -0.024871
0.00528469 0.0117945-0.00683551 -0.00397253 0.0132382
-0.00449427 0.0246143-0.00460056 0.000184307 -0.0224491
0.00428465 0.007153320.0146378 -0.0136599 -0.0388939
0.00659018 0.0144148-0.00370897 -0.000870752 -0.00641652
-0.00659274 0.0253736-0.000578325 0.0039783 0.0780537
0.00634763 0.004398160.00942975 -0.00914116 0.044406
0.00480667 0.0132105-0.000578139 0.00896105 0.17235
-0.0112043 0.03380950.00827184 0.010046 -0.0904763
0.00790274 0.002050220.00507471 -0.00471265 0.0604855
0.00422084 0.01262580.00633602 0.0249384 0.0739537
-0.0202815 0.02455650.0250827 0.0324666 -0.0715215
0.0139264 -0.000508494-0.00865094 -0.00204312 -0.0900616
-0.0048577 -0.007661740.0206516 0.0687687 0.0288575
-0.0216817 0.02839380.0265253 0.0256462 -0.0369176
0.0170897 -0.00188942-0.0174058 -0.0282715 -0.0880429
-0.00488115 -0.01753270.017387 0.0965597 0.00514242
-0.0369256 0.000941980.0539083 0.0901401 -0.042105
0.0333398 0.0129692-0.0496372 -0.065853 -0.150131
-0.0242579 -0.08984630.0376147 0.281098 0.0162431
-0.038641 -0.002252480.0629821 0.0845755 0.0482119
0.0405883 0.0200415-0.0677656 -0.0908379 0.122578
-0.00573063 -0.0637809-0.0117136 0.197202 -0.0174372
-0.0167967 0.01248810.0161723 0.0148367 0.0335077
0.0196063 0.0140093-0.0201414 -0.0552208 0.0781512
-0.00414351 -0.0290349-0.00405177 0.0857183 0.0421153
-0.0116536 0.009449620.0059651 0.00777502 0.0571588
0.016967 0.0114632-0.0155065 -0.0302657 0.0335492
-0.00418272 -0.0175106-0.000751487 0.0334975 -0.0352492
-0.00750146 0.0138382-0.00462574 0.00194248 -0.0196434
0.0120527 0.00966901-0.00319753 -0.0241763 0.0988781
-0.00411427 -0.005268-0.000693845 0.0131333 -0.029502
-0.00689646 0.0139805-0.00804067 -0.000699622 -0.0288087
0.0133145 0.0134631-0.00667947 -0.0220048 0.114104
-0.0062602 -0.005494370.00217936 -0.0066469 0.0321019
-0.00623849 0.013915-0.0126912 -0.00327878 0.0760473
0.0116708 0.00995515-0.000572019 -0.011029 -0.0558994
-0.0051873 0.00216208-0.00114209 -0.0125576 0.0403995
-0.0045666 0.0146196-0.0225635 -0.00240974 0.034174
0.0110591 0.007801470.00113601 -0.00199039 -0.0354906
-0.00281523 0.00391635-0.00122247 -0.022442 0.0283676
-0.00132105 0.000110736-0.0227701 -0.00142215 -0.079451
0.00955808 0.00112839-0.000895569 0.0142851 0.0728984
0.00171033 0.005242997.4349e-05 -0.0215096 0.047472
-0.001387 -0.000665257-0.0332134 0.00392419 -0.0875904
0.00608366 -0.002020250.0110799 0.00774387 -0.0012335
0.00976014 0.0159081-0.0017342 -0.0205563 0.0804251
0.00200408 -0.0177303-0.0418827 0.00760243 0.0811153
-0.00733435 -0.01029960.0150057 0.0176491 0.000653711
0.0179682 0.0226459-0.000717014 -0.0235697 -0.0283974
-0.00228232 -0.0244223-0.0389136 0.00900561 0.00369402
-0.00367778 -0.01316210.0362703 0.00217385 0.0425377
0.0131028 0.0405401-0.00736606 -0.0157756 0.064885
-0.00382092 -0.0534114-0.0438879 0.0146624 0.0141469
-0.0100039 -0.0249020.060653 -0.00572568 0.0152034
0.0118928 0.0607633-0.0129598 -0.012789 0.0380045
0.0390701 -0.0750358-0.00458792 0.00444936 -0.0231736
-0.00640566 -0.03432420.0732283 -0.00713999 0.00134087
-0.0230891 0.0610342-0.0245009 -0.00813839 0.00993584
0.0331297 -0.0790444-0.0211401 0.015741 0.0350491
0.0194477 -0.03345470.118557 -0.040281 0.00876874
-0.0360312 0.0974779-0.0388147 -0.00463522 0.0101274
0.0110664 -0.0453613-0.018386 0.00833895 0.011478
0.0202651 -0.0091220.073648 -0.0341211 -0.00417839
-0.0298472 0.0845019-0.0260575 -0.00491923 0.0332417
0.0272331 -0.03816220.00836636 -0.00745106 0.0606278
0.0129647 -0.0136390.0686946 -0.0299097 0.022967
-0.0380332 0.0586101-0.0256017 -0.0010486 0.0635016
0.0356624 -0.03265820.0143797 -0.0115354 0.0269004
0.0268308 -0.001074420.0898247 -0.0488774 -0.000117084
-0.0568951 0.0770371-0.0364434 0.00525638 0.0476889
0.0106653 -0.0179102-0.00898593 0.000585502 0.0445462
0.0352045 0.003110930.0761401 -0.0480312 0.0231721
-0.0427241 0.0688534-0.0364277 0.00484816 0.0181295
0.00189216 -0.00516142-0.00769295 -0.00417111 0.0328765
0.0203634 0.01031720.0472283 -0.0320761 0.0196459
-0.019315 0.0379568-0.0189752 0.0008068 0.0696418
0.00797711 0.00539550.00523689 -0.0134425 -0.0447125
0.0193845 0.01380430.0540407 -0.0352922 0.00437495
-0.0192505 0.0313261-0.0322906 0.00128901 -0.0336742
0.00475449 0.0053351-0.00202882 -0.00964241 -0.0192662
0.0281095 0.03437350.0454687 -0.0436348 0.0881975
-0.0134348 0.0290353-0.0187614 0.00806453 0.0919147
-0.00531393 0.0115114-0.0160069 -0.000892815 0.0187123
0.0239916 0.02820990.0234721 -0.0326716 -0.00407312
-0.00747005 0.0156572-0.00727672 0.00460104 0.0210449
-0.00317642 0.0165284-0.00879099 -0.00528413 -0.0211821
0.0173392 0.02615180.0246101 -0.0248695 0.0333457
0.00124614 0.0118479-0.013022 -0.0014899 0.014717
0.000200953 0.0250188-0.00373103 -0.0100276 -0.130251
0.0185362 0.04522280.0316733 -0.0330844 -0.0676702
0.00647794 0.00905129-0.0245274 -0.00096076 -0.033745
-0.000657412 0.03427360.0168899 -0.0172044 0.0119212
0.018195 0.03934790.0485697 -0.0348728 -0.0530813
0.0104139 0.0115601-0.0266146 -0.00366919 -0.140911
-0.00278082 0.06336280.0598239 -0.0379076 -0.0143701
0.0176157 0.1014210.120653 -0.0797768 0.00115001
0.0212016 -0.0111806-0.0843309 0.00919244 0.0106156
-0.000347275 0.06381320.0220858 -0.0198216 0.0526928
0.00963525 0.1214110.0724831 -0.0514286 -0.0154754
0.0263195 -0.0160302-0.0689158 -0.00317371 -0.0100843
-0.00238722 0.07697710.0290149 -0.0234076 -0.0141796
0.0121602 0.08203330.0552831 -0.0393524 -0.0334585
0.0260146 0.00367303-0.0315914 -0.0162865 0.00736792
-0.000491891 0.03861510.00324266 -0.0111907 0.0185968
0.0103337 0.0443850.032216 -0.0233646 -0.0437224
0.0186094 0.0109666-0.0264249 -0.0116225 -0.0761477
-0.0051337 0.03109040.0139523 -0.0107643 -0.0431708
0.0118598 0.02370330.0330584 -0.0187581 -0.0772962
0.0118685 0.0135627-0.0157416 -0.00709055 -0.0646592
-0.00651821 0.02735470.0321612 -0.0147364 -0.0244207
0.0091133 0.02132840.0431004 -0.0151035 -0.018327
0.00948173 0.01064-0.0108622 -0.00425078 -0.0459427
-0.00937921 0.003816260.0349801 -0.0148312 -0.0206662
0.000325251 0.0008588550.0428306 -0.0134812 -0.0301508
-0.00553927 0.0139981-0.0165888 0.000142267 -0.0291623
-0.0130577 -0.0008300280.0401827 -0.0118675 -0.0195374
-0.00495198 -0.006762690.0262263 0.0105343 -0.0260544
-0.013799 -0.000323459-0.00801806 0.0168283 -0.00449407
-0.0158646 -0.01717120.0404526 -0.0141879 -0.0270902
-0.00652428 -0.01761630.0121205 0.0286186 -0.0595506
-0.0159894 -0.0108094-0.0032532 0.0172073 0.0112297
-0.0173909 -0.01714250.0347165 -0.0202312 -0.0143936
0.00416525 -0.0110605-0.00723848 0.0423264 -0.0886198
-0.0136476 -0.01718580.000774294 0.0268128 0.0214499
-0.0201789 -0.03027760.0334568 -0.0233537 0.00799318
0.00856005 -0.0137745-0.024345 0.0653672 -0.024211
-0.0116861 -0.02880090.00424515 0.0222172 0.000271682
-0.0131833 -0.01862670.0198605 -0.0203117 -0.0271019
0.019829 -0.00128134-0.0269081 0.0482536 -0.0457808
-0.00441038 -0.02484850.00501014 0.00916499 -0.000398398
-0.0120523 -0.01672540.0103924 -0.0184887 -0.0226936
0.0250544 0.00433973-0.046365 0.0541698 0.0101973
-0.00707976 -0.03391770.00994356 -0.0110507 -0.010019
-0.00668674 -0.00880161-0.0102259 -0.0183434 -0.0522824
0.0252162 0.00818468-0.0495595 0.0485705 0.00142622
-0.00963759 -0.02508890.0142488 -0.0484641 0.0536123
-0.00276384 0.00371591-0.0198619 -0.0141163 -0.0331502
0.0330311 0.0270414-0.0736245 0.0264239 0.0109137
-0.0118322 -0.03482040.0200654 -0.079094 -0.0435474
-0.000824238 -0.0171712-0.039145 -0.0264035 -0.023976
0.0533371 0.0255094-0.158174 0.135913 -0.0307163
-0.0145834 -0.05367710.0224965 -0.118684 0.0240575
-0.00177215 -0.03477340.00822748 -0.0249429 -0.150898
0.0572296 0.0162817-0.144427 0.151829 0.0345539
-0.00118303 -0.07368280.0390251 -0.0584762 0.0110242
0.00820839 -0.0481010.00845748 -0.0229989 -0.0278294
0.0482106 -0.000151744-0.118237 0.197461 0.0226881
0.00476587 -0.06032090.0354234 -0.0643179 0.0516815
-0.00756725 -0.05072230.0347691 -0.0462405 0.0018023
0.0298744 -0.00405323-0.0769542 0.154867 -0.0258042
-0.00243471 -0.04677210.0275303 -0.0253105 -0.00511033
-0.00354793 -0.04498080.0155936 -0.0249948 0.0249633
0.0135164 -0.0164926-0.0330622 0.0934158 0.0069639
-0.0017766 -0.02189230.0112116 -0.0173779 -0.0548371
-0.00857519 -0.04518750.0275312 -0.0359619 0.0316271
0.00131941 -0.0193447-0.0169813 0.0775087 -0.0111829
-0.00854975 -0.01779320.0048668 -0.000501435 0.0697527
-0.00717495 -0.02488110.0141504 -0.017999 -0.0406795
0.00233403 -0.01461190.0041432 0.0316563 -0.0350146
-0.00849336 -0.0028874-0.00269369 0.00249489 -0.0221145
-0.00701398 -0.01691710.0176096 -0.0176135 -0.032568
0.00162978 -0.01163290.0206166 0.00887216 -0.0475634
-0.0110115 0.00812405-0.00862214 0.00256684 0.0371478
-0.00992975 -0.001041540.0133056 -0.0070866 0.0349075
0.00712961 -0.003621590.0212678 0.00062995 0.0446814
-0.00832471 0.00771968-0.00810035 0.00315527 -0.00386308
-0.00743837 0.01323030.0148793 -0.00849119 0.116322
0.0103789 0.005004980.0271203 -0.00714688 0.16968
0.00299193 0.0112878-0.00774079 0.000536408 -0.0956294
-0.00939957 0.02333460.0129638 0.000473847 0.0173562
0.00821602 0.009307740.0228299 -0.00727939 -0.0284359
0.00672014 0.00978098-0.00175508 -0.000495217 0.109633
-0.00674515 0.03862470.00971285 -0.00529869 0.00807957
0.00568238 0.02069980.019639 -0.00787576 0.0258077
0.0141835 0.0176686-0.00166749 -0.0103526 0.0378857
-0.00980267 0.05392940.0237545 -0.000281273 0.0147871
0.00826343 0.02639130.0244481 -0.0117173 0.00297522
0.0203549 0.02357350.0173138 -0.0227001 0.00400289
0.000169086 0.08168810.000186057 -0.0106204 0.018641
0.00627203 0.03589290.0122845 -0.0103857 -0.0337264
0.0286249 0.03658560.0103077 -0.0346371 0.0392367
0.00637853 0.0689203-0.0338715 -0.00173752 0.00702793
0.00224078 0.0233846-0.00172332 -0.00205137 0.0499194
0.0276028 0.03384820.00104793 -0.0310101 0.0243119
0.015391 0.0618832-0.0671275 0.00466349 -0.00351611
-0.0031579 0.00545197-0.0109512 0.00849401 0.0112732
0.0291815 0.04046470.00138034 -0.0333997 -0.0340498
0.0139526 0.0428376-0.0528069 -0.0010454 0.0240687
-0.00729195 -0.01411780.00295782 0.00493779 0.066188
0.0249137 0.0422929-0.00974693 -0.0190033 0.0210977
0.0190797 0.00955676-0.0650074 0.0108968 -0.00282661
-0.0104654 -0.0226499-0.00246567 0.0116741 0.0556558
0.0222667 0.028838-0.0144708 -0.0166746 0.015947
0.0193436 -0.0170005-0.052326 0.0138545 0.0135922
-0.0120192 -0.03544420.00589359 0.00847853 0.0735382
0.0152559 0.0248639-0.0139657 -0.0121736 0.128034
0.0127778 -0.0197223-0.0366609 0.0127536 -0.0753147
-0.00859641 -0.02564390.00311928 0.010311 0.0828514
0.0103157 0.00873508-0.0129629 -0.0109641 0.0433513
0.0159596 -0.0402108-0.0273432 0.00300592 -0.0179114
-0.0135886 -0.0284250.00127618 0.0285877 -0.00620016
0.00918546 -0.00961703-0.0107765 -0.00539737 0.0121767
0.0128722 -0.05291880.0002878 -0.00351308 0.0126935
-0.0240546 -0.02807810.0247885 0.0331525 -0.0144053
-0.000781807 -0.00240854-0.00109474 0.000506227 -0.0257008
0.0035309 -0.02790310.0134308 -0.00774602 -0.0099984
-0.0140083 -0.02087250.00493147 0.0280414 -0.0311692
-0.00381056 -0.01868870.00429731 0.0057939 0.00607728
0.00171211 -0.00137971-0.00816636 0.000579502 -0.0142696
-0.00576556 -0.01054450.00399844 0.00770738 -0.00968544
-0.000151098 -0.00361118-0.00472085 -0.00289215 0.0195655
0.00331595 -0.0060527-0.00563624 0.00103109 -0.0124596
-0.014825 -0.006631290.0261148 0.00492113 -0.0122833
-0.00370706 0.00775557-0.00455519 -0.00460308 -0.011963
-0.00150999 -0.0001588410.0175978 -0.00822363 -0.0330245
-0.018502 -0.002452830.0293408 0.00903101 -0.0132847
-0.0109533 0.008601910.000360989 -0.00119352 0.0112511
-0.00619708 0.02026240.00783948 -0.00905417 0.0437107
-0.0045921 -0.001667760.0142613 -0.00272152 -0.0517478
-0.0077816 0.00611228-0.00170523 -0.00168982 0.0102852
-0.00345837 0.0173909-0.00178515 -0.00694854 -0.0255482
-0.003479 0.005696780.0198236 -0.0126234 0.0104783
-0.00487824 0.0108723-0.0057241 -0.00716041 -0.0184536
-0.00360031 0.01545670.00937275 -0.00863544 -0.0139793
-0.0118472 0.01451810.0328135 -0.0173691 0.0273704
-0.00945834 0.0159426-0.00482694 -0.0118611 -0.031572
-0.00964454 0.03310970.0225135 -0.0170163 -0.0198564
-0.0089846 0.01215690.0243238 -0.0153786 0.0104546
-0.0115511 0.0145887-0.00666785 -0.0110084 -0.00606446
-0.00895244 0.0383579-0.00250861 -0.0102377 0.0517751
0.00181446 0.009508240.0136616 -0.0194936 -0.0694776
-0.00840292 0.0116118-0.00933013 -0.0142951 -0.00599834
-0.00616629 0.0327999-0.00669074 -0.00569358 0.0219728
0.000279769 0.02039540.014904 -0.0265527 0.017054
-0.00904733 0.00787189-0.00229713 -0.0254075 0.0287253
-0.00873826 0.04675870.00690317 -0.0130051 0.0285177
-0.00308861 0.03131010.0180119 -0.0391744 0.00082065
-0.0113711 0.0113677-0.00639581 -0.0428275 0.0140005
-0.0110462 0.0549198-0.003362 -0.0156555 -0.0111141
0.00251532 0.02383250.00779985 -0.0323028 0.0147764
-0.0121894 0.014824-0.00671838 -0.0416193 -0.028304
-0.00554659 0.0436256-0.0237827 -0.0121555 0.00325177
0.00774583 0.0216736-0.00166775 -0.0172705 0.0156659
-0.00972443 0.0110395-0.00505882 -0.0440301 -0.0149543
-0.00317572 0.0434302-0.0229526 -0.00984569 0.011829
0.00932688 0.0352076-0.00897033 -0.0304322 -0.0384486
-0.0120248 0.004059020.00957674 -0.0720055 0.0123665
-0.00241832 0.0300618-0.0174026 -0.0113451 -0.0347713
0.00978997 0.0331555-0.00780815 -0.0344058 -0.0235213
-0.011287 3.23376e-050.0106594 -0.0477529 0.028756
-0.000516878 0.0287873-0.0194169 -0.00572075 -0.0387133
0.0144537 0.0479806-0.0180101 -0.0628348 -0.00860581
-0.0157451 -0.009823710.021708 -0.0571495 0.0195723
0.00383968 0.0382344-0.0260267 -0.0145192 -0.0245984
0.0101502 0.0622592-0.00920054 -0.127906 -0.0746334
-0.0192127 -0.007506760.0258543 -0.0672688 -0.0132098
0.00268567 0.0218779-0.0179107 -0.00231742 0.000722875
0.0112467 0.0621788-0.0104023 -0.145004 0.071557
-0.019991 -0.005196910.0205342 -0.0318328 0.0191453
-0.00114772 0.0134558-0.0112035 0.00534386 -0.00712983
0.00906323 0.0356144-0.000810866 -0.0818 -0.00683736
-0.0106389 -0.004192220.0091138 -0.0160533 0.0161181
0.000180511 0.0235249-0.0117469 -0.000778662 0.0232592
-0.00244396 0.03833310.0181422 -0.0705348 -0.0149471
-0.0141025 0.004062330.0112181 -0.0272727 0.0181702
0.00732963 0.0114631-0.018916 -0.00511082 0.0107342
-0.00506026 0.04579190.0239397 -0.11963 -0.000623813
-0.0175983 0.007896380.012594 -0.0106827 0.0171754
0.00530281 -0.00113616-0.0180694 0.0117279 0.0529663
-0.00272103 0.03382240.0202941 -0.102216 0.00651119
-0.0116481 0.008483470.00750737 0.00883391 0.0493658
0.00406355 0.00470301-0.0138625 0.00116457 0.0531097
-0.010587 0.01861730.0337728 -0.0473323 -0.00775643
-0.00820174 0.0136892-0.000939133 -0.00357625 -0.0444791
0.00616979 -0.00573354-0.00562744 0.00436259 -0.0428746
-0.0245957 0.01830610.0579908 -0.0472787 -0.00471373
-0.0117779 0.01759910.000279942 -0.0113243 -0.063987
0.0160155 -0.0250071-0.0269218 0.00248406 -0.0323538
-0.0207844 0.0129510.0515403 -0.0827635 -0.00803747
-0.0104422 0.02712310.00121574 0.00942649 -0.0450648
0.0156137 -0.0271251-0.0302315 0.00820118 -0.018833
-0.0134383 -0.008036510.0324046 -0.059047 -0.00736021
-0.00294256 0.0260045-0.0039085 0.00545267 -0.0697938
0.0226934 -0.0533366-0.0380842 0.0166881 -0.000416177
-0.0220853 -0.06743030.0457145 -0.0267879 -0.011184
0.00391194 0.0435385-0.0131196 -0.00870198 -0.0655963
0.0227679 -0.0599678-0.0347752 0.0113019 -0.0394319
-0.0244896 -0.04945390.0351233 0.0131442 0.00258234
0.00589518 0.0267568-0.0100761 -0.0127593 -0.030712
0.0303576 -0.0842591-0.0529001 0.0222616 -0.000179849
-0.0236965 -0.07675080.0145465 0.0384043 0.00386331
0.0151516 0.0169048-0.016946 -0.017443 0.00916061
0.0504395 -0.152842-0.0595449 5.60981e-05 0.0111784
-0.0394593 -0.09162990.0278763 0.0732942 0.00971716
0.0169318 -0.0116808-0.0156008 -0.0144463 -0.0104198
0.041885 -0.143966-0.0373908 -0.0162464 -0.00885565
-0.0300797 -0.0524963-0.00978967 0.0933304 -0.0188041
0.0216764 -0.0628636-0.0160766 -0.00946096 -0.00415542
0.0581276 -0.269570.0311438 -0.102844 -0.00303089
-0.0412917 -0.0511982-0.00653957 0.127175 -0.0103017
0.0161253 -0.1199490.012662 -0.00801485 -0.00137049
0.0546085 -0.2698620.0445141 -0.1069 0.00436863
-0.028161 -0.0335134-0.0693791 0.149176 -0.0124202
0.0373577 -0.2158520.0209415 -0.0471823 -0.00379769
0.0273579 -0.2404370.110093 -0.07383 0.000856076
-0.00540123 -0.0168161-0.131882 0.112072 -0.0086609
0.0293262 -0.2543150.0636403 -0.0338351 0.00485581
-0.000718099 -0.06747750.0550596 -0.0116852 -0.0413271
0.00887238 -0.0396704-0.0758929 0.0400779 -0.0659922
0.0127037 -0.1458380.0334228 0.00100902 -0.0101679
-0.0215392 -0.02289930.0901811 0.00705206 0.00535185
0.036985 -0.0676873-0.142068 0.0101626 -0.0263732
-0.00028145 -0.1221920.0659938 0.0175972 0.0466494
-0.0504376 0.008281560.198696 0.0312836 0.00651571
0.039089 -0.0730641-0.162595 0.0117886 0.0686416
-0.0276344 -0.08391690.131644 0.0621308 0.0268943
-0.045313 0.05744750.0954808 0.0234589 0.0294105
0.0381411 -0.0735878-0.0846301 -0.00874533 0.0275885
-0.0221493 -0.04012530.045695 0.0513905 -0.0178322
-0.025313 0.02258040.0658494 0.00739935 0.000408172
0.016042 -0.0399565-0.0544127 0.00805009 0.0389681
-0.0142267 -0.02957230.034193 0.028655 0.0459694
-0.0299829 0.007025230.128756 -0.00048512 -0.00707386
0.0027212 -0.0434972-0.0613735 0.0417972 0.00174072
-0.0229155 -0.03448990.0433838 0.0463301 0.0110322
-0.0652149 0.06079720.205087 0.0524127 -0.00231015
0.00865017 -0.0451761-0.070605 0.0301317 0.00626553
-0.0527556 -0.01058870.0946946 0.103935 0.0195351
-0.0390547 0.06049860.103693 0.00935773 -0.0107308
0.00534539 -0.0314595-0.0325838 0.0114353 -0.00560348
-0.0261485 0.001959560.0235011 0.0407239 0.0151594
-0.0210483 0.02304320.0870848 -0.014689 -0.000412048
-0.0110522 -0.0134456-0.011851 0.0288099 0.00946777
-0.0275901 0.001309390.0212342 0.0351724 0.03638
-0.0559651 0.009722030.247338 -8.51345e-07 -0.000347665
-0.0370929 -0.01440460.0190601 0.0943912 -0.00437631
-0.0692854 -0.00360930.0949793 0.12495 0.0111905
-0.0976358 0.1017810.284446 0.169775 -0.00725634
-0.070107 0.05862180.0743938 0.216081 0.0112287
-0.123667 0.09369250.120471 0.347082 0.00874057
