-60 -1.22181 -0.970562 -0.865053 7.37792 8.06563 6.76312
-59.4 -1.22214 -0.971077 -0.865529 7.38239 8.06558 6.76729
-58.8 -1.22247 -0.971591 -0.866002 7.3869 8.06558 6.77147
-58.2 -1.22279 -0.972103 -0.866475 7.39146 8.06564 6.77565
-57.6 -1.22312 -0.972614 -0.866946 7.39605 8.06575 6.77983
-57 -1.22344 -0.973123 -0.867415 7.40068 8.06591 6.78401
-56.4 -1.22377 -0.973631 -0.867883 7.40535 8.06613 6.7882
-55.8 -1.22409 -0.974138 -0.868348 7.41006 8.0664 6.7924
-55.2 -1.22441 -0.974642 -0.868813 7.41481 8.06672 6.79659
-54.6 -1.22472 -0.975145 -0.869275 7.41959 8.0671 6.80079
-54 -1.22504 -0.975647 -0.869735 7.42442 8.06754 6.80499
-53.4 -1.22535 -0.976146 -0.870193 7.42929 8.06802 6.8092
-52.8 -1.22567 -0.976644 -0.870649 7.43419 8.06856 6.81341
-52.2 -1.22598 -0.97714 -0.871102 7.43913 8.06915 6.81762
-51.6 -1.22629 -0.977634 -0.871553 7.44411 8.0698 6.82184
-51 -1.22659 -0.978126 -0.872002 7.44913 8.0705 6.82606
-50.4 -1.2269 -0.978615 -0.872448 7.45419 8.07126 6.83028
-49.8 -1.2272 -0.979103 -0.872892 7.45929 8.07206 6.83451
-49.2 -1.2275 -0.979589 -0.873333 7.46443 8.07293 6.83874
-48.6 -1.22779 -0.980072 -0.873771 7.4696 8.07384 6.84297
-48 -1.22809 -0.980553 -0.874207 7.47481 8.07481 6.84721
-47.4 -1.22838 -0.981032 -0.874639 7.48006 8.07583 6.85145
-46.8 -1.22867 -0.981509 -0.875069 7.48535 8.07691 6.85569
-46.2 -1.22896 -0.981983 -0.875495 7.49068 8.07804 6.85994
-45.6 -1.22924 -0.982455 -0.875918 7.49604 8.07922 6.86419
-45 -1.22952 -0.982924 -0.876339 7.50144 8.08045 6.86845
-44.4 -1.2298 -0.983391 -0.876755 7.50688 8.08174 6.8727
-43.8 -1.23008 -0.983855 -0.877169 7.51236 8.08308 6.87696
-43.2 -1.23035 -0.984316 -0.877579 7.51788 8.08448 6.88123
-42.6 -1.23062 -0.984775 -0.877986 7.52343 8.08593 6.88549
-42 -1.23089 -0.985232 -0.878389 7.52902 8.08743 6.88977
-41.4 -1.23115 -0.985685 -0.878788 7.53465 8.08899 6.89404
-40.8 -1.23142 -0.986136 -0.879184 7.54031 8.0906 6.89832
-40.2 -1.23167 -0.986585 -0.879576 7.54601 8.09226 6.9026
-39.6 -1.23193 -0.98703 -0.879964 7.55175 8.09397 6.90688
-39 -1.23218 -0.987472 -0.880349 7.55753 8.09574 6.91117
-38.4 -1.23243 -0.987912 -0.880729 7.56334 8.09756 6.91546
-37.8 -1.23267 -0.988349 -0.881106 7.56919 8.09944 6.91975
-37.2 -1.23291 -0.988783 -0.881479 7.57507 8.10137 6.92405
-36.6 -1.23315 -0.989214 -0.881847 7.581 8.10335 6.92835
-36 -1.23339 -0.989643 -0.882212 7.58696 8.10538 6.93265
-35.4 -1.23362 -0.990068 -0.882572 7.59295 8.10747 6.93696
-34.8 -1.23385 -0.99049 -0.882928 7.59898 8.1096 6.94127
-34.2 -1.23407 -0.99091 -0.88328 7.60505 8.1118 6.94558
-33.6 -1.23429 -0.991326 -0.883628 7.61116 8.11404 6.9499
-33 -1.23451 -0.991739 -0.883972 7.6173 8.11634 6.95422
-32.4 -1.23472 -0.99215 -0.884311 7.62347 8.11869 6.95854
-31.8 -1.23493 -0.992557 -0.884646 7.62969 8.12109 6.96287
-31.2 -1.23514 -0.992962 -0.884976 7.63593 8.12355 6.9672
-30.6 -1.23534 -0.993363 -0.885302 7.64222 8.12605 6.97153
-30 -1.23554 -0.993762 -0.885624 7.64854 8.12862 6.97587
-29.4 -1.23573 -0.994157 -0.885941 7.65489 8.13123 6.9802
-28.8 -1.23592 -0.99455 -0.886254 7.66129 8.13389 6.98455
-28.2 -1.23611 -0.994939 -0.886562 7.66771 8.13661 6.98889
-27.6 -1.2363 -0.995326 -0.886866 7.67417 8.13938 6.99324
-27 -1.23648 -0.99571 -0.887165 7.68067 8.1422 6.99759
-26.4 -1.23665 -0.99609 -0.88746 7.6872 8.14508 7.00195
-25.8 -1.23683 -0.996468 -0.88775 7.69377 8.148 7.00631
-25.2 -1.23699 -0.996843 -0.888036 7.70037 8.15098 7.01067
-24.6 -1.23716 -0.997215 -0.888317 7.70701 8.15401 7.01503
-24 -1.23732 -0.997584 -0.888593 7.71368 8.15709 7.0194
-23.4 -1.23748 -0.99795 -0.888865 7.72039 8.16023 7.02377
-22.8 -1.23763 -0.998313 -0.889133 7.72713 8.16342 7.02814
-22.2 -1.23778 -0.998674 -0.889396 7.73391 8.16665 7.03252
-21.6 -1.23793 -0.999031 -0.889654 7.74072 8.16994 7.0369
-21 -1.23807 -0.999386 -0.889908 7.74756 8.17328 7.04128
-20.4 -1.23821 -0.999738 -0.890157 7.75444 8.17668 7.04567
-19.8 -1.23835 -1.00009 -0.890402 7.76135 8.18012 7.05006
-19.2 -1.23848 -1.00043 -0.890642 7.7683 8.18362 7.05445
-18.6 -1.23861 -1.00078 -0.890878 7.77528 8.18717 7.05885
-18 -1.23873 -1.00112 -0.891109 7.7823 8.19076 7.06325
-17.4 -1.23885 -1.00146 -0.891335 7.78934 8.19441 7.06765
-16.8 -1.23897 -1.00179 -0.891557 7.79643 8.19812 7.07205
-16.2 -1.23908 -1.00213 -0.891775 7.80354 8.20187 7.07646
-15.6 -1.23919 -1.00246 -0.891988 7.81069 8.20567 7.08087
-15 -1.2393 -1.00279 -0.892197 7.81788 8.20952 7.08529
-14.4 -1.2394 -1.00311 -0.892401 7.82509 8.21343 7.0897
-13.8 -1.2395 -1.00344 -0.892601 7.83234 8.21739 7.09412
-13.2 -1.2396 -1.00376 -0.892796 7.83962 8.22139 7.09855
-12.6 -1.23969 -1.00408 -0.892987 7.84694 8.22545 7.10297
-12 -1.23978 -1.00439 -0.893173 7.85429 8.22956 7.1074
-11.4 -1.23987 -1.00471 -0.893356 7.86167 8.23372 7.11184
-10.8 -1.23995 -1.00502 -0.893533 7.86908 8.23793 7.11627
-10.2 -1.24003 -1.00533 -0.893707 7.87653 8.24219 7.12071
-9.6 -1.24011 -1.00563 -0.893876 7.88401 8.2465 7.12515
-9 -1.24018 -1.00594 -0.894041 7.89152 8.25086 7.1296
-8.4 -1.24025 -1.00624 -0.894201 7.89907 8.25527 7.13404
-7.8 -1.24031 -1.00654 -0.894358 7.90664 8.25973 7.13849
-7.2 -1.24038 -1.00684 -0.89451 7.91425 8.26424 7.14295
-6.6 -1.24044 -1.00714 -0.894657 7.92189 8.2688 7.1474
-6 -1.24049 -1.00743 -0.894801 7.92957 8.27341 7.15186
-5.4 -1.24055 -1.00772 -0.89494 7.93727 8.27807 7.15633
-4.8 -1.2406 -1.00801 -0.895075 7.94501 8.28278 7.16079
-4.2 -1.24065 -1.0083 -0.895206 7.95278 8.28753 7.16526
-3.6 -1.24069 -1.00859 -0.895333 7.96058 8.29234 7.16973
-3 -1.24073 -1.00887 -0.895456 7.96841 8.2972 7.1742
-2.4 -1.24077 -1.00916 -0.895575 7.97628 8.30211 7.17868
-1.8 -1.24081 -1.00944 -0.89569 7.98417 8.30706 7.18316
-1.2 -1.24084 -1.00972 -0.8958 7.9921 8.31207 7.18764
-0.6 -1.24087 -1.00999 -0.895907 8.00005 8.31712 7.19213
0 -1.2409 -1.01027 -0.896009 8.00804 8.32223 7.19662
0.6 -1.24092 -1.01054 -0.896108 8.01606 8.32738 7.20111
1.2 -1.24094 -1.01081 -0.896202 8.02411 8.33258 7.20561
1.8 -1.24096 -1.01108 -0.896293 8.03219 8.33783 7.2101
2.4 -1.24098 -1.01135 -0.896379 8.04031 8.34313 7.2146
3 -1.24099 -1.01162 -0.896462 8.04845 8.34848 7.21911
3.6 -1.241 -1.01189 -0.896541 8.05662 8.35387 7.22361
4.2 -1.24101 -1.01215 -0.896616 8.06482 8.35932 7.22812
4.8 -1.24101 -1.01241 -0.896687 8.07306 8.36481 7.23263
5.4 -1.24102 -1.01267 -0.896754 8.08132 8.37035 7.23715
6 -1.24102 -1.01293 -0.896818 8.08962 8.37594 7.24167
6.6 -1.24102 -1.01319 -0.896877 8.09794 8.38157 7.24619
7.2 -1.24101 -1.01344 -0.896933 8.1063 8.38726 7.25071
7.8 -1.241 -1.0137 -0.896985 8.11468 8.39299 7.25524
8.4 -1.241 -1.01395 -0.897033 8.12309 8.39877 7.25977
9 -1.24098 -1.0142 -0.897077 8.13154 8.40459 7.2643
9.6 -1.24097 -1.01445 -0.897118 8.14001 8.41047 7.26883
10.2 -1.24095 -1.0147 -0.897155 8.14852 8.41639 7.27337
10.8 -1.24093 -1.01495 -0.897188 8.15705 8.42236 7.27791
11.4 -1.24091 -1.0152 -0.897217 8.16561 8.42837 7.28245
12 -1.24089 -1.01544 -0.897243 8.1742 8.43444 7.287
12.6 -1.24086 -1.01568 -0.897265 8.18282 8.44055 7.29155
13.2 -1.24084 -1.01593 -0.897284 8.19147 8.4467 7.2961
13.8 -1.24081 -1.01617 -0.897298 8.20015 8.45291 7.30066
14.4 -1.24077 -1.01641 -0.897309 8.20886 8.45916 7.30521
15 -1.24074 -1.01664 -0.897317 8.21759 8.46545 7.30977
15.6 -1.2407 -1.01688 -0.89732 8.22636 8.4718 7.31434
16.2 -1.24067 -1.01712 -0.89732 8.23515 8.47819 7.3189
16.8 -1.24062 -1.01735 -0.897317 8.24397 8.48462 7.32347
17.4 -1.24058 -1.01758 -0.89731 8.25282 8.4911 7.32804
18 -1.24054 -1.01782 -0.897299 8.2617 8.49763 7.33262
18.6 -1.24049 -1.01805 -0.897285 8.27061 8.50421 7.33719
19.2 -1.24044 -1.01828 -0.897267 8.27954 8.51082 7.34177
19.8 -1.24039 -1.0185 -0.897245 8.28851 8.51749 7.34635
20.4 -1.24034 -1.01873 -0.89722 8.2975 8.5242 7.35094
21 -1.24028 -1.01896 -0.897191 8.30652 8.53096 7.35553
21.6 -1.24023 -1.01918 -0.897159 8.31556 8.53776 7.36012
22.2 -1.24017 -1.0194 -0.897123 8.32464 8.54461 7.36471
22.8 -1.24011 -1.01962 -0.897083 8.33374 8.5515 7.36931
23.4 -1.24005 -1.01984 -0.89704 8.34287 8.55843 7.3739
24 -1.23999 -1.02006 -0.896994 8.35203 8.56542 7.37851
24.6 -1.23992 -1.02028 -0.896944 8.36121 8.57244 7.38311
25.2 -1.23985 -1.0205 -0.89689 8.37042 8.57952 7.38772
25.8 -1.23978 -1.02072 -0.896833 8.37966 8.58663 7.39233
26.4 -1.23971 -1.02093 -0.896772 8.38893 8.59379 7.39694
27 -1.23964 -1.02114 -0.896708 8.39822 8.601 7.40155
27.6 -1.23957 -1.02136 -0.896641 8.40754 8.60825 7.40617
28.2 -1.23949 -1.02157 -0.89657 8.41688 8.61554 7.41079
28.8 -1.23942 -1.02178 -0.896495 8.42626 8.62288 7.41541
29.4 -1.23934 -1.02199 -0.896418 8.43566 8.63026 7.42004
30 -1.23926 -1.0222 -0.896336 8.44508 8.63768 7.42467
30.6 -1.23918 -1.0224 -0.896252 8.45454 8.64515 7.4293
31.2 -1.23909 -1.02261 -0.896164 8.46402 8.65267 7.43393
31.8 -1.23901 -1.02281 -0.896072 8.47352 8.66022 7.43857
32.4 -1.23892 -1.02302 -0.895978 8.48305 8.66782 7.44321
33 -1.23884 -1.02322 -0.89588 8.49261 8.67546 7.44785
33.6 -1.23875 -1.02342 -0.895778 8.50219 8.68315 7.45249
34.2 -1.23866 -1.02362 -0.895674 8.5118 8.69088 7.45714
34.8 -1.23857 -1.02382 -0.895566 8.52144 8.69865 7.46179
35.4 -1.23848 -1.02402 -0.895455 8.5311 8.70647 7.46644
36 -1.23838 -1.02422 -0.895341 8.54079 8.71432 7.47109
36.6 -1.23829 -1.02442 -0.895224 8.5505 8.72222 7.47575
37.2 -1.23819 -1.02462 -0.895103 8.56024 8.73016 7.48041
37.8 -1.2381 -1.02481 -0.894979 8.57 8.73815 7.48507
38.4 -1.238 -1.02501 -0.894853 8.57979 8.74618 7.48974
39 -1.2379 -1.0252 -0.894723 8.5896 8.75425 7.49441
39.6 -1.23781 -1.0254 -0.89459 8.59944 8.76236 7.49908
40.2 -1.23771 -1.02559 -0.894454 8.6093 8.77051 7.50375
40.8 -1.23761 -1.02578 -0.894315 8.61919 8.7787 7.50842
41.4 -1.2375 -1.02597 -0.894174 8.62911 8.78694 7.5131
42 -1.2374 -1.02616 -0.894029 8.63905 8.79522 7.51778
42.6 -1.2373 -1.02635 -0.893881 8.64901 8.80354 7.52246
43.2 -1.2372 -1.02654 -0.893731 8.659 8.8119 7.52715
43.8 -1.23709 -1.02673 -0.893578 8.66901 8.8203 7.53184
44.4 -1.23699 -1.02692 -0.893421 8.67905 8.82874 7.53653
45 -1.23688 -1.02711 -0.893262 8.68911 8.83722 7.54122
45.6 -1.23678 -1.0273 -0.8931 8.69919 8.84575 7.54592
46.2 -1.23667 -1.02748 -0.892936 8.7093 8.85431 7.55062
46.8 -1.23657 -1.02767 -0.892768 8.71944 8.86292 7.55532
47.4 -1.23646 -1.02785 -0.892598 8.72959 8.87157 7.56002
48 -1.23635 -1.02804 -0.892426 8.73978 8.88025 7.56472
48.6 -1.23625 -1.02822 -0.89225 8.74998 8.88898 7.56943
49.2 -1.23614 -1.02841 -0.892072 8.76021 8.89775 7.57414
49.8 -1.23603 -1.02859 -0.891891 8.77046 8.90655 7.57886
50.4 -1.23592 -1.02878 -0.891707 8.78074 8.9154 7.58357
51 -1.23581 -1.02896 -0.891521 8.79104 8.92429 7.58829
51.6 -1.23571 -1.02914 -0.891333 8.80136 8.93321 7.59301
52.2 -1.2356 -1.02933 -0.891141 8.81171 8.94218 7.59773
52.8 -1.23549 -1.02951 -0.890947 8.82208 8.95118 7.60246
53.4 -1.23538 -1.02969 -0.890751 8.83247 8.96023 7.60719
54 -1.23527 -1.02987 -0.890551 8.84289 8.96931 7.61192
54.6 -1.23516 -1.03005 -0.89035 8.85333 8.97843 7.61665
55.2 -1.23505 -1.03023 -0.890145 8.86379 8.98759 7.62139
55.8 -1.23494 -1.03041 -0.889938 8.87428 8.99679 7.62613
56.4 -1.23483 -1.03059 -0.889729 8.88479 9.00603 7.63087
57 -1.23472 -1.03077 -0.889517 8.89532 9.01531 7.63561
57.6 -1.23462 -1.03095 -0.889302 8.90587 9.02463 7.64035
58.2 -1.23451 -1.03113 -0.889085 8.91645 9.03398 7.6451
58.8 -1.2344 -1.03131 -0.888865 8.92705 9.04337 7.64985
59.4 -1.23429 -1.03149 -0.888643 8.93767 9.0528 7.6546
