-3.92295e-14
-1.08891e-15
 1.13967e-15
 1.10305e-14
 2.01443e-14
 3.19627e-14
     2.23071
     3.07207
     3.71144
     4.58333
     4.97594
     5.51679
     6.12933
     6.21025
     6.35014
     6.60589
     6.69946
     7.00492
     7.27033
     7.55742
      7.8298
     8.02554
     8.17583
     8.28883
     8.73918
      8.8788
     9.06509
     9.23882
     9.35701
     9.43871
     9.52406
     9.88934
     10.0851
     10.1371
     10.3255
     10.5163
     10.6278
     10.6913
     11.0408
     11.1687
     11.3178
     11.3933
     11.5405
      11.588
     11.7877
      11.862
      11.931
     12.1517
     12.2952
     12.4999
     12.6109
     12.7374
     12.8992
     13.0545
     13.1666
     13.4115
     13.7699
     13.8205
     13.9979
     14.1004
     14.1738
     14.3504
     14.4039
     14.4577
     14.5142
      14.568
     14.8503
     14.9799
     15.2045
     15.2452
       15.49
     15.5978
     15.6493
     15.8788
     15.9903
     16.1506
     16.3643
     16.4422
     16.5735
     16.6808
     16.7227
     16.9487
     17.0797
     17.2573
     17.3984
      17.628
     17.7044
     17.7617
     17.8178
     17.8953
     18.0231
     18.1608
     18.2786
     18.3672
     18.4463
     18.6221
     18.7075
     18.8095
     19.0884
     19.2646
     19.3636
     19.4709
       19.58
      19.635
     19.8843
     19.9019
     20.0458
     20.1972
     20.4391
     20.4625
     20.5209
     20.6405
     20.7588
     20.9323
     21.0664
     21.1318
     21.2431
       21.48
     21.5318
     21.6268
     21.6696
     21.8189
     21.9494
     22.0899
     22.1475
     22.2995
     22.4769
      22.527
     22.6419
     22.6614
     22.9404
     22.9921
     23.1071
     23.1663
     23.2619
     23.3614
     23.5039
     23.5986
     23.6905
     23.8844
      23.957
     24.0483
     24.1204
     24.1931
     24.3373
     24.4515
     24.5056
      24.703
     24.7796
     24.8544
     24.9708
     25.1702
     25.2294
     25.3353
     25.4119
     25.5991
      25.901
     25.9633
     26.0904
     26.2172
     26.3196
     26.5106
     26.7285
     26.9457
     27.0156
     27.1656
     27.2374
     27.6072
     27.6809
     27.9585
     28.0669
      28.413
     28.5189
     28.6809
     28.8013
     28.9994
     29.1385
     29.2669
      29.479
     29.6819
     29.7261
     29.9411
     30.0476
     30.2578
     30.5785
      30.714
     30.9908
     31.1128
     31.4714
      31.571
     31.8458
     32.2088
     32.4352
     32.5297
     32.7001
     32.8075
     33.0516
     33.3266
     33.4326
     33.5918
      34.156
     34.2936
     34.5825
     34.6571
     34.7846
     35.0733
     35.2475
     35.4879
     35.6755
     35.7724
     36.0287
     36.0949
      36.183
     36.2737
     36.5834
     36.8666
     37.0821
     37.3428
      37.677
     37.8196
     38.0507
     38.1879
      38.913
     38.9766
      39.374
     39.4314
     39.8064
     39.8907
     40.0485
     40.4743
     40.7141
     40.8583
     41.0545
     41.1524
     41.2915
      41.598
     41.8022
     42.0587
      42.183
     42.3615
     42.6963
     42.9305
     43.1334
     43.4488
        43.7
     43.9828
     44.1588
     44.3329
     44.5479
     44.8639
     45.3872
     45.5733
     46.4156
     46.5754
     46.8718
     46.8841
     47.9116
     49.6707
     49.8798
     50.0509
     50.6586
     50.6953
     51.9289
     52.2486
      52.911
     53.4602
     54.4435
     54.8115
     56.9554
     60.4188
