0 36.3255
1 29.5105
2 18.6521
3 12.886
4 10.0439
5 8.27288
6 7.19856
7 6.42446
8 6.21454
9 5.97615
10 6.02283
11 6.20367
12 6.4029
13 7.69497
14 9.05617
15 10.4061
16 8.34142
17 8.18969
18 10.2004
19 10.8246
20 10.1052
21 10.2365
22 13.5724
23 15.8278
24 10.8499
25 11.0956
26 10.1114
27 10.3085
28 10.2742
29 9.13316
30 9.45103
31 9.44224
32 9.35346
33 12.7791
34 13.317
35 9.6946
36 9.11875
37 7.73964
38 8.30505
39 8.13737
40 9.6037
41 11.0066
42 12.3995
43 18.1112
44 16.5615
45 15.1669
46 12.5395
47 9.64299
48 11.3052
49 9.5066
50 8.36926
51 10.5051
52 10.4609
53 8.85335
54 7.34976
55 6.74659
56 7.22572
57 7.73231
58 10.2804
59 13.0747
60 15.131
61 21.9026
62 20.2218
63 13.3716
64 10.0999
65 8.23058
66 8.20121
67 7.25228
68 7.63341
69 8.17114
70 9.0357
71 11.0421
72 12.0339
73 15.2843
74 15.3292
75 20.7123
76 13.7869
77 12.6409
78 15.0625
79 12.5827
80 9.78841
81 10.5514
82 10.7599
83 8.84862
84 8.23103
85 10.1577
86 11.6965
87 21.1304
88 18.2594
89 15.0013
90 11.806
91 9.38349
92 9.97358
93 9.47221
94 9.32242
95 9.21898
96 9.49215
97 10.7062
98 9.72874
99 11.989
100 11.6873
101 15.6462
102 22.5164
103 18.6551
104 19.6587
105 15.37
106 12.3357
107 11.3951
108 8.99061
109 8.44529
110 7.39788
111 7.47301
112 8.07986
113 9.59006
114 12.4749
115 14.5575
116 13.2004
117 14.2787
118 11.3351
119 11.8477
120 10.2223
121 8.96332
122 9.99414
123 10.7231
124 10.6038
125 8.11223
126 8.11578
127 9.46625
128 8.11089
129 7.19367
130 8.16701
131 9.11437
132 8.08068
133 7.96967
134 10.4956
135 10.8135
136 9.58566
137 11.0375
138 9.3803
139 12.7817
140 14.7402
141 14.9594
142 10.4063
143 10.4871
144 13.8405
145 10.8953
146 8.94637
147 11.2507
148 13.3575
149 10.7341
150 13.1362
151 11.6171
152 13.6953
153 18.7666
154 15.7139
155 18.8589
156 21.9173
157 23.6394
158 15.4843
159 15.31
160 20.3146
161 15.6634
162 12.1817
163 15.4658
164 19.7355
165 13.289
166 12.8726
167 21.9491
168 28.08
