-6.10827e-06
-2.95379e-06
-1.79975e-06
-3.90808e-07
 1.81081e-06
 3.89599e-06
     1.57118
     1.94362
     2.43226
     3.13403
     3.43121
     4.14552
     4.27017
     4.47152
     4.80251
     5.01771
     5.12959
     5.33939
     5.54281
      5.5964
     5.88915
     6.04271
     6.18406
     6.38974
     6.70099
     6.86794
      7.0068
     7.04024
     7.11824
     7.32155
     7.40916
         7.6
     7.81461
     7.86854
     7.93767
      8.2798
     8.35014
     8.56002
     8.64233
     8.81939
     9.06904
     9.27737
     9.38545
     9.46949
     9.54613
     9.68222
     9.94882
     9.97509
     10.0386
     10.0914
     10.2537
     10.4707
     10.5401
     10.6562
     10.9249
      11.015
     11.1563
     11.2909
     11.3865
     11.4609
     11.6652
     11.7471
     11.9399
     12.1069
     12.2254
      12.324
     12.4187
     12.5434
     12.6638
     12.6843
     12.8985
     12.9375
     12.9836
     13.0169
     13.1521
     13.2116
     13.2594
     13.4559
     13.5002
     13.7023
     13.7273
     13.9393
      14.128
      14.264
     14.3311
     14.4178
     14.5726
     14.6673
      14.749
     14.7806
     14.9982
      15.021
     15.1386
     15.1753
     15.1976
     15.3175
     15.4804
     15.5282
      15.549
     15.6543
     15.6864
     15.7974
     15.9026
      16.017
     16.0783
     16.2296
     16.3257
     16.3561
     16.4941
     16.5081
     16.5732
     16.6991
     16.7959
     16.8958
     16.9483
     16.9722
     16.9864
     17.1775
     17.2122
     17.3359
      17.414
     17.4424
      17.576
     17.6907
     17.8111
        17.9
     17.9402
     18.1348
      18.148
      18.289
     18.4156
     18.5323
     18.5651
     18.6008
     18.7696
     18.7953
     18.9262
     18.9936
     19.1051
     19.1826
     19.3767
     19.4604
     19.6173
      19.775
     19.8085
     20.0221
      20.236
      20.254
     20.2859
     20.4945
     20.6741
     20.8444
     20.9534
     21.1296
     21.3156
     21.4661
     21.6591
     21.7124
     21.8833
     22.0564
     22.2755
     22.5025
     22.5992
      22.797
     22.9421
     23.1218
     23.3741
     23.4971
     23.5439
     23.7714
     23.9496
     24.2283
        24.5
     24.6528
     25.0039
     25.2292
     25.5754
     25.7531
      26.099
     26.2904
     26.4122
      26.516
     26.6131
     26.8895
      27.105
     27.1607
     27.3484
     27.4919
       27.52
     27.6276
     27.8075
     28.1365
     28.2324
     28.5434
     28.7586
     28.9762
     29.3696
     29.4159
     29.6152
     29.6724
     29.9475
     30.1085
     30.3224
     30.7864
     30.7904
     31.0202
     31.2793
     31.4302
     31.6305
      31.717
     31.9717
     32.2036
     32.5686
     32.7825
      32.906
      33.044
     33.2693
     33.5389
       33.76
     33.8454
     34.0654
     34.1559
     34.5592
     34.7342
     34.9178
     35.1739
     35.5931
     35.8287
     35.9367
     36.1632
     36.3445
     36.5074
     36.6502
      36.855
     36.9441
     37.2608
     37.4764
     37.7407
     38.0123
     38.2332
     38.4338
     38.5966
     38.7842
     39.1239
     39.4062
     39.8024
     39.9102
     40.2279
     40.5413
     40.6252
     40.8259
     41.1822
     42.0771
     42.1931
     42.4948
     43.1544
     43.2527
     44.0504
     44.1548
     44.8216
     45.0433
     46.3214
     46.6115
     46.9802
      48.495
     49.9518
     50.3501
     50.4558
     50.5622
     54.9432
