0 31.4093
1 17.5935
2 12.0368
3 14.0386
4 14.6945
5 10.3247
6 8.68951
7 11.124
8 11.3674
9 8.88114
10 9.31961
11 14.3313
12 12.2182
13 10.4877
14 12.8949
15 17.505
16 14.4696
17 12.4182
18 12.2016
19 19.5172
20 15.3035
21 15.9807
22 15.787
23 10.5377
24 11.2959
25 9.17187
26 11.0571
27 11.5968
28 10.6787
29 9.19232
30 7.28326
31 6.12151
32 5.66217
33 6.11896
34 7.05301
35 9.61941
36 16.2298
37 16.7275
38 13.0306
39 9.27321
40 6.76998
41 6.32398
42 6.19468
43 6.7901
44 7.72688
45 8.34813
46 10.1509
47 12.7481
48 12.2835
49 17.7428
50 20.4197
51 13.3152
52 13.3449
53 12.0035
54 9.27242
55 9.63178
56 8.38964
57 9.07277
58 7.66532
59 7.79977
60 8.54752
61 10.0963
62 12.5349
63 13.9517
64 10.1398
65 9.34196
66 9.13187
67 8.48505
68 8.98345
69 8.41558
70 9.48172
71 7.57028
72 6.76884
73 7.10254
74 7.3433
75 7.4055
76 8.21117
77 10.5627
78 10.906
79 8.54471
80 8.98401
81 10.0828
82 15.8495
83 12.4401
84 11.3584
85 11.5459
86 10.0346
87 12.0141
88 16.023
89 42.4951
