0 27.2664
1 16.6129
2 12.0219
3 12.559
4 15.4665
5 10.6114
6 9.53071
7 11.5487
8 11.7311
9 9.60068
10 8.99441
11 13.3628
12 11.7998
13 10.6415
14 13.2872
15 17.4709
16 14.9919
17 12.4786
18 11.6177
19 16.327
20 13.6951
21 14.4665
22 14.0817
23 10.3232
24 11.6453
25 9.59575
26 11.417
27 11.204
28 10.4014
29 8.63145
30 7.58958
31 6.78407
32 6.66674
33 6.8242
34 7.1725
35 8.58737
36 15.5971
37 13.9877
38 10.8902
39 8.85089
40 7.14835
41 6.95473
42 7.03648
43 7.19877
44 8.08741
45 8.92381
46 11.3685
47 14.1794
48 12.8134
49 17.5296
50 19.7745
51 13.9393
52 13.2625
53 12.7458
54 9.95196
55 10.5246
56 9.17791
57 9.155
58 7.7383
59 8.38971
60 8.80207
61 10.1225
62 11.9501
63 12.7195
64 11.3967
65 10.4322
66 10.3111
67 9.50553
68 10.1633
69 9.36611
70 10.2069
71 8.19964
72 7.64424
73 7.57802
74 7.86427
75 7.6115
76 8.74351
77 10.4077
78 11.6704
79 8.92125
80 8.80053
81 10.1014
82 15.8712
83 12.734
84 11.6863
85 12.1319
86 9.98503
87 11.6226
88 15.5111
89 39.2967
