6 0.0354571
7 0.331537
8 0.465468
9 0.408417
10 0.237608
11 0.106497
12 0.190123
13 0.219849
14 0.291825
15 0.171054
16 0.236803
17 0.158573
18 0.221942
19 0.146423
20 0.270129
21 0.120454
22 0.174858
23 0.300307
24 0.239593
25 0.233148
26 0.301393
27 0.266271
28 0.364783
29 0.294488
30 0.347797
31 0.374364
32 0.323833
33 0.299022
34 0.294938
35 0.309221
36 0.41158
37 0.317313
38 0.392445
39 0.359493
40 0.377288
41 0.327063
42 0.406133
43 0.384508
44 0.350811
45 0.308373
46 0.397588
47 0.458987
48 0.265294
49 0.37989
50 0.501209
51 0.305007
52 0.414134
53 0.490205
54 0.262701
55 0.447028
56 0.251099
57 0.501574
58 0.281011
59 0.274446
60 0.503983
61 0.277471
62 0.362868
63 0.292279
64 0.344902
65 0.317233
66 0.418373
67 0.482272
68 0.288253
69 0.352893
70 0.45066
71 0.368079
72 0.491047
73 0.311337
74 0.469497
75 0.333202
76 0.304403
77 0.463763
78 0.272092
79 0.280388
80 0.278568
81 0.472833
82 0.395729
83 0.419669
84 0.423277
85 0.281549
86 0.370485
87 0.186277
88 0.408651
89 0.456827
90 0.355893
91 0.501106
92 0.451273
93 0.538952
94 0.500969
95 0.432679
96 0.544572
97 0.49185
98 0.417831
99 0.45573
100 0.402946
101 0.298612
102 0.465711
103 0.458094
104 0.443443
105 0.399777
106 0.413019
107 0.568218
108 0.503798
109 0.252017
110 0.335857
111 0.511265
112 0.312514
113 0.454624
114 0.321378
115 0.500772
116 0.450234
117 0.497658
118 0.510589
119 0.503509
120 0.456282
121 0.445385
122 0.399444
123 0.50631
124 0.42228
125 0.444984
126 0.468516
127 0.399359
128 0.482232
129 0.345918
130 0.40462
131 0.51906
132 0.479702
133 0.480838
134 0.535125
135 0.339821
136 0.345604
137 0.485569
138 0.226963
139 0.532489
140 0.379777
141 0.378491
142 0.424068
143 0.329268
144 0.492753
145 0.463528
146 0.503056
147 0.319983
148 0.547532
149 0.461884
150 0.452519
151 0.38994
152 0.461644
153 0.387111
154 0.389421
155 0.449782
156 0.437485
157 0.384868
158 0.409787
159 0.26109
160 0.330584
161 0.297698
162 0.412839
163 0.381841
164 0.4012
165 0.516405
166 0.431461
167 0.406148
168 0.326029
169 0.340958
170 0.474793
171 0.180355
172 0.413982
173 0.117641
174 0.349698
175 0.272839
176 0.301434
177 0.273037
178 0.395021
179 0.29681
180 0.271723
181 0.390908
182 0.467726
183 0.401176
184 0.279431
185 0.540925
186 0.392137
187 0.430905
188 0.379272
189 0.43299
190 0.550685
191 0.436641
192 0.446898
193 0.399466
194 0.350108
195 0.346591
196 0.385524
197 0.424983
198 0.502211
199 0.361828
200 0.429605
201 0.525501
202 0.204624
203 0.417107
204 0.363139
205 0.181629
206 0.493063
207 0.283645
208 0.481932
209 0.396756
210 0.445479
211 0.440664
212 0.296596
213 0.421288
214 0.165918
215 0.555888
216 0.281856
217 0.429239
218 0.404399
219 0.395661
220 0.333555
221 0.408339
222 0.464029
223 0.487901
224 0.213199
225 0.32735
226 0.427881
227 0.449178
228 0.4224
229 0.361485
230 0.356769
231 0.472337
232 0.482941
233 0.376423
234 0.27316
235 0.341223
236 0.400945
237 0.256561
238 0.236274
239 0.418681
240 0.253657
241 0.473297
242 0.333567
243 0.269899
244 0.289026
245 0.268151
246 0.261499
247 0.296607
248 0.333347
249 0.408419
250 0.238373
251 0.235965
252 0.31264
253 0.312737
254 0.350992
255 0.358031
256 0.155019
257 0.337081
258 0.108838
259 0.153231
260 0.279523
261 0.112424
262 0.158491
263 0.252932
264 0.206589
265 0.0986741
266 0.129731
267 0.0720835
268 0.05294
269 0.0345218
