0 31.5199
1 25.5987
2 16.1895
3 11.1844
4 8.71351
5 7.17525
6 6.25222
7 5.74096
8 5.51858
9 5.50664
10 5.78877
11 5.78916
12 5.88939
13 7.26155
14 8.65962
15 10.1258
16 7.78752
17 7.60844
18 9.81367
19 10.4287
20 9.51648
21 9.70447
22 13.1499
23 14.4659
24 9.84827
25 9.78352
26 8.85427
27 8.92545
28 8.89141
29 7.9097
30 8.19805
31 8.19355
32 8.11971
33 11.0771
34 11.5336
35 8.40893
36 7.91392
37 6.71807
38 7.20834
39 7.13999
40 8.44605
41 9.88836
42 10.7587
43 15.7184
44 14.4647
45 13.4195
46 11.6322
47 9.05828
48 10.8492
49 9.29112
50 8.57971
51 10.2532
52 10.2628
53 8.31881
54 6.90026
55 6.12208
56 6.28204
57 6.71535
58 8.91981
59 11.3245
60 13.098
61 18.9377
62 17.4914
63 11.585
64 8.76004
65 7.14345
66 7.1157
67 6.38184
68 6.78406
69 7.08376
70 7.91258
71 9.56551
72 10.4284
73 13.2519
74 13.294
75 17.9508
76 11.9444
77 10.9571
78 13.1008
79 11.1115
80 8.79195
81 9.16848
82 9.87581
83 8.24507
84 7.46149
85 9.20731
86 10.1936
87 18.2647
88 15.7798
89 12.9798
90 10.2217
91 8.12994
92 8.63802
93 8.20577
94 8.07844
95 7.98892
96 8.23128
97 9.28066
98 8.4413
99 10.3967
100 10.1282
101 13.5542
102 19.4898
103 16.1379
104 17.0136
105 13.3092
106 10.6903
107 9.87995
108 7.80251
109 7.32773
110 6.42024
111 6.48285
112 7.01088
113 8.31806
114 10.8167
115 12.6344
116 11.4662
117 12.4126
118 9.84798
119 10.2841
120 9.29906
121 8.49786
122 10.0489
123 10.9392
124 10.5722
125 7.83342
126 7.85411
127 9.41508
128 7.68589
129 6.77954
130 7.83693
131 8.96877
132 7.58629
133 7.37786
134 10.314
135 10.6921
136 8.82108
137 9.98253
138 8.29326
139 11.0722
140 12.7414
141 12.9367
142 9.03564
143 9.39339
144 12.2488
145 9.57729
146 8.28035
147 10.7614
148 11.9075
149 9.65559
150 11.9019
151 11.4332
152 13.6195
153 19.5822
154 17.2937
155 24.4019
156 27.8703
157 30.1247
158 19.5701
