6 0.190996
7 0.0314894
8 0.133385
9 0.0284828
10 0.0890716
11 0.122745
12 0.16576
13 0.163903
14 0.0714732
15 0.141713
16 0.240101
17 0.0979016
18 0.179475
19 0.219277
20 0.101267
21 0.181609
22 0.0752815
23 0.112885
24 0.183751
25 0.196706
26 0.0654181
27 0.197605
28 0.158495
29 0.223544
30 0.0970333
31 0.227668
32 0.154055
33 0.210593
34 0.18509
35 0.108799
36 0.15654
37 0.198403
38 0.144891
39 0.146167
40 0.186807
41 0.256005
42 0.217906
43 0.254202
44 0.179831
45 0.184768
46 0.241081
47 0.312029
48 0.326629
49 0.31213
50 0.146847
51 0.151765
52 0.166462
53 0.204248
54 0.175456
55 0.347682
56 0.178061
57 0.247494
58 0.272421
59 0.228153
60 0.167566
61 0.352739
62 0.274969
63 0.332308
64 0.241302
65 0.217304
66 0.24801
67 0.208374
68 0.14503
69 0.250127
70 0.313925
71 0.348143
72 0.264506
73 0.321059
74 0.310177
75 0.318115
76 0.233886
77 0.299833
78 0.3022
79 0.279551
80 0.210238
81 0.260131
82 0.166689
83 0.406127
84 0.314388
85 0.309191
86 0.349571
87 0.265871
88 0.314689
89 0.128826
90 0.309162
91 0.429764
92 0.302826
93 0.347587
94 0.260179
95 0.234263
96 0.252169
97 0.244638
98 0.291185
99 0.381297
100 0.348044
101 0.324809
102 0.285807
103 0.283223
104 0.228116
105 0.316269
106 0.30134
107 0.358631
108 0.266594
109 0.307501
110 0.261593
111 0.360296
112 0.285065
113 0.389778
114 0.268688
115 0.257807
116 0.352743
117 0.168647
118 0.283025
119 0.366477
120 0.239481
121 0.3537
122 0.382462
123 0.278071
124 0.185316
125 0.526407
126 0.405566
127 0.243929
128 0.309527
129 0.380025
130 0.328051
131 0.221667
132 0.27388
133 0.312074
134 0.365951
135 0.369097
136 0.216771
137 0.375653
138 0.30212
139 0.181979
140 0.225421
141 0.412473
142 0.412238
143 0.296592
144 0.249272
145 0.35236
146 0.429873
147 0.406523
148 0.3728
149 0.343762
150 0.321961
151 0.484219
152 0.239715
153 0.366441
154 0.45146
155 0.44445
156 0.3009
157 0.337413
158 0.28353
159 0.373089
160 0.340661
161 0.334413
162 0.389946
163 0.368881
164 0.500434
165 0.504584
166 0.45808
167 0.296385
168 0.354712
169 0.420918
170 0.0933938
171 0.30963
172 0.223241
173 0.373732
174 0.478333
175 0.258002
176 0.311206
177 0.278957
178 0.395671
179 0.335794
180 0.435513
181 0.452603
182 0.441189
183 0.409282
184 0.359363
185 0.4076
186 0.300503
187 0.33987
188 0.388636
189 0.341707
190 0.422905
191 0.372878
192 0.408942
193 0.477801
194 0.416583
195 0.448843
196 0.308602
197 0.364372
198 0.359242
199 0.462796
200 0.470052
201 0.405169
202 0.350508
203 0.367087
204 0.484703
205 0.409824
206 0.472289
207 0.437876
208 0.429572
209 0.337184
210 0.503941
211 0.378087
212 0.474194
213 0.35269
214 0.476344
215 0.353175
216 0.470701
217 0.375114
218 0.326603
219 0.396507
220 0.340279
221 0.42157
222 0.369855
223 0.433801
224 0.444153
225 0.364925
226 0.426815
227 0.462645
228 0.412325
229 0.2881
230 0.435942
231 0.412288
232 0.38512
233 0.416788
234 0.368352
235 0.340258
236 0.410177
237 0.39898
238 0.512564
239 0.334985
240 0.449115
241 0.442074
242 0.28747
243 0.466074
244 0.485793
245 0.308693
246 0.224565
247 0.390165
248 0.404738
249 0.347743
250 0.40246
251 0.333863
252 0.525687
253 0.475871
254 0.420666
255 0.40321
256 0.446023
257 0.465322
258 0.357076
259 0.489747
260 0.428691
261 0.421579
262 0.487902
263 0.499238
264 0.364086
265 0.506335
266 0.421983
267 0.385697
268 0.355905
269 0.396315
270 0.416143
271 0.376645
272 0.418541
273 0.333954
274 0.456603
275 0.326
276 0.455904
277 0.419428
278 0.409266
279 0.356829
280 0.301875
281 0.43548
282 0.424238
283 0.386532
284 0.416208
285 0.434737
286 0.476314
287 0.359246
288 0.392312
289 0.219733
290 0.199102
291 0.306457
292 0.441381
293 0.476671
294 0.353382
295 0.41384
296 0.289137
297 0.371553
298 0.488771
299 0.368286
300 0.362071
301 0.225134
302 0.407787
303 0.383686
304 0.417454
305 0.428056
306 0.269595
307 0.467477
308 0.377519
309 0.419908
310 0.495384
311 0.377246
312 0.484938
313 0.31655
314 0.367092
315 0.420262
316 0.354751
317 0.417372
318 0.475511
319 0.280241
320 0.237192
321 0.351445
322 0.285389
323 0.225723
324 0.414249
325 0.476311
326 0.317658
327 0.19929
328 0.460576
329 0.28068
330 0.404388
331 0.308395
332 0.363226
333 0.222516
334 0.252394
335 0.302976
336 0.355739
337 0.307808
338 0.352427
339 0.45001
340 0.327942
341 0.452497
342 0.364395
343 0.402437
344 0.539789
345 0.396529
346 0.423174
347 0.261278
348 0.340224
349 0.42901
350 0.27472
351 0.321524
352 0.390426
353 0.261331
354 0.30681
355 0.451393
356 0.282775
357 0.307792
358 0.365872
359 0.419588
360 0.229787
361 0.379076
362 0.383769
363 0.272338
364 0.449414
365 0.41145
366 0.439599
367 0.376639
368 0.257385
369 0.272354
370 0.426635
371 0.210695
372 0.334733
373 0.360296
374 0.353126
375 0.333447
376 0.448992
377 0.380535
378 0.322592
379 0.293404
380 0.197789
381 0.380695
382 0.263557
383 0.370668
384 0.275724
385 0.241909
386 0.126698
387 0.32157
388 0.432397
389 0.218646
390 0.335593
391 0.139177
392 0.290133
393 0.409671
394 0.226429
395 0.33611
396 0.24951
397 0.422188
398 0.262429
399 0.267257
400 0.368062
401 0.354737
402 0.300701
403 0.292117
404 0.282259
405 0.438424
406 0.192535
407 0.249119
408 0.237271
409 0.142329
410 0.372533
411 0.355588
412 0.292968
413 0.280393
414 0.337223
415 0.278518
416 0.321983
417 0.313044
418 0.207498
419 0.151934
420 0.283001
421 0.333064
422 0.218441
423 0.370711
424 0.20588
425 0.35614
426 0.324178
427 0.270115
428 0.282799
429 0.247822
430 0.144789
431 0.291106
432 0.440913
433 0.464289
434 0.18924
435 0.321586
436 0.369928
437 0.2221
438 0.209251
439 0.298802
440 0.310995
441 0.175871
442 0.249421
443 0.279283
444 0.303539
445 0.205855
446 0.25683
447 0.150345
448 0.183314
449 0.152295
450 0.39859
451 0.339278
452 0.298356
453 0.340158
454 0.188173
455 0.158286
456 0.283945
457 0.0961411
458 0.0823386
459 0.146739
460 0.212035
461 0.295365
462 0.370214
463 0.103188
464 0.126254
465 0.096865
466 0.0541793
467 0.301764
468 0.123751
469 0.0543897
470 0.0334977
471 0.0314851
472 0.0415321
473 0.0311357
474 0.0574788
475 0.0206886
476 0.0233246
