-5.93966e-14
-3.86598e-14
-2.15903e-14
-9.19181e-15
 4.23982e-15
 4.59909e-14
     2.23049
     3.07318
      3.7098
     4.57776
     4.97573
     5.51408
     6.12756
     6.20964
     6.34889
     6.60003
     6.69645
     6.99556
     7.27078
     7.55491
     7.81909
     8.02167
     8.17006
     8.28833
     8.73792
     8.87938
     9.06449
     9.23872
     9.35799
     9.43811
     9.52403
     9.88992
     10.0863
     10.1373
     10.3233
      10.517
     10.6225
     10.6934
     11.0354
     11.1613
     11.3176
      11.394
      11.532
     11.5877
     11.7846
     11.8487
     11.9155
     12.1329
     12.2831
     12.4821
     12.6089
     12.7346
      12.796
     12.9246
     13.1353
     13.2741
     13.7806
     13.8056
     13.9984
     14.0857
     14.1949
     14.2748
     14.3936
      14.463
     14.5164
     14.5715
     14.8525
     14.9658
     15.1946
     15.2539
     15.4881
     15.5863
     15.6541
      15.892
     15.9838
     16.1523
      16.326
     16.4375
       16.54
     16.6787
     16.7175
     16.8497
      17.093
     17.1531
     17.4586
     17.4967
     17.6577
     17.7046
     17.7727
       17.92
     17.9539
     18.1132
     18.2258
     18.3607
     18.4163
     18.5661
     18.6801
     18.8525
     18.9125
     19.1798
     19.3613
     19.5079
     19.5933
     19.6278
     19.8941
     19.9016
     20.0645
     20.1966
     20.3769
     20.4566
     20.6019
     20.6244
     20.8674
     20.9645
     21.0644
     21.1598
     21.3451
     21.4826
     21.5329
     21.6024
     21.6723
     21.7876
     21.8699
      22.112
     22.2406
     22.3076
      22.475
      22.542
       22.58
     22.7177
     22.9297
     22.9965
     23.0998
     23.1565
     23.2557
     23.3617
     23.4739
     23.5349
     23.6928
     23.8258
     23.9569
     24.0194
     24.1176
     24.1843
     24.3045
     24.4541
     24.4864
     24.5064
     24.7157
     24.7885
     24.9264
     24.9824
     25.1945
     25.3327
     25.4772
     25.5537
     25.7757
     25.9087
     26.0844
     26.2134
      26.283
     26.6689
     26.7237
     26.9186
     27.0119
     27.1665
     27.3471
     27.5303
     27.9371
     28.0547
     28.3977
     28.4463
     28.6482
     28.6907
      28.964
     29.0618
     29.1484
     29.4317
     29.5611
     29.6665
     29.7965
     30.0004
     30.0804
     30.2176
     30.4909
     30.6317
     30.7877
     31.1519
     31.3199
     31.4789
     31.8415
     32.3972
     32.5197
     32.6055
     32.7966
     33.0399
     33.2627
     33.3258
     33.5781
     33.6785
     34.1205
     34.5307
     34.6454
     34.6881
     34.9629
     35.0603
     35.4019
     35.4545
     35.7539
     35.9537
     35.9606
     36.1753
     36.1773
      36.264
     36.6505
      36.892
     37.1273
      37.153
     37.5105
     37.7484
     38.0745
     38.1935
     38.8683
     38.9689
     39.3677
     39.4596
     39.7971
     39.9076
     40.1954
     40.4929
     40.6959
     41.0362
     41.0535
      41.278
     41.3423
     41.5321
     41.9529
     42.1192
     42.2112
     42.6346
     42.7117
     42.8838
     42.9589
     43.3401
     43.8252
     44.1113
     44.1467
      44.494
     44.5973
     45.2719
      45.384
     45.5755
     46.4096
     46.5442
     46.8812
     47.0599
     47.8925
     48.9327
     49.8329
     50.0217
     50.6006
     51.4082
     51.9162
     52.2581
     53.0572
     53.4614
     54.4285
      54.567
     54.9368
     60.7616
