6 0.0355985
7 0.331519
8 0.46681
9 0.41171
10 0.238274
11 0.106265
12 0.191317
13 0.220143
14 0.289371
15 0.184517
16 0.224562
17 0.16102
18 0.220798
19 0.154848
20 0.277306
21 0.131072
22 0.180541
23 0.301637
24 0.237388
25 0.233016
26 0.301136
27 0.265158
28 0.364751
29 0.293472
30 0.347708
31 0.374714
32 0.32555
33 0.300052
34 0.294564
35 0.308012
36 0.413188
37 0.316646
38 0.394558
39 0.362715
40 0.387119
41 0.32308
42 0.411695
43 0.375303
44 0.342531
45 0.355132
46 0.373631
47 0.456632
48 0.26059
49 0.392034
50 0.533873
51 0.283056
52 0.319217
53 0.446849
54 0.364537
55 0.370156
56 0.261324
57 0.482561
58 0.272274
59 0.318536
60 0.50334
61 0.344203
62 0.300315
63 0.336195
64 0.338506
65 0.31855
66 0.418427
67 0.476033
68 0.276963
69 0.364875
70 0.453063
71 0.367695
72 0.475017
73 0.305448
74 0.486814
75 0.335846
76 0.416354
77 0.459253
78 0.215548
79 0.274646
80 0.407267
81 0.510092
82 0.356929
83 0.477793
84 0.484406
85 0.158663
86 0.273556
87 0.371699
88 0.144196
89 0.49098
90 0.481718
91 0.505323
92 0.5009
93 0.422408
94 0.53715
95 0.416453
96 0.318891
97 0.512289
98 0.428656
99 0.46757
100 0.386331
101 0.298334
102 0.471261
103 0.450275
104 0.427281
105 0.460318
106 0.375898
107 0.520986
108 0.463893
109 0.164671
110 0.316578
111 0.487732
112 0.300878
113 0.431832
114 0.311914
115 0.483505
116 0.45949
117 0.534824
118 0.473566
119 0.420038
120 0.523967
121 0.618158
122 0.386525
123 0.420942
124 0.452825
125 0.391557
126 0.478153
127 0.420158
128 0.484139
129 0.397684
130 0.402504
131 0.519059
132 0.55634
133 0.440247
134 0.481181
135 0.292626
136 0.534297
137 0.33714
138 0.23893
139 0.460396
140 0.378199
141 0.439927
142 0.444778
143 0.339943
144 0.35115
145 0.533569
146 0.468495
147 0.503006
148 0.320948
149 0.598732
150 0.489365
151 0.453471
152 0.391407
153 0.465607
154 0.387873
155 0.344205
156 0.432407
157 0.438995
158 0.397213
159 0.406178
160 0.272196
161 0.315135
162 0.275436
163 0.393535
164 0.188857
165 0.478796
166 0.436249
167 0.352701
168 0.370938
169 0.303282
170 0.461046
171 0.206623
172 0.407328
173 0.120734
174 0.363761
175 0.28589
176 0.299277
177 0.266425
178 0.408231
179 0.459951
180 0.287283
181 0.256858
182 0.504867
183 0.260455
184 0.504492
185 0.268252
186 0.543984
187 0.434683
188 0.498808
189 0.356564
190 0.481984
191 0.441664
192 0.438233
193 0.390272
194 0.350859
195 0.354024
196 0.387857
197 0.428292
198 0.480481
199 0.351447
200 0.355881
201 0.441774
202 0.144202
203 0.330532
204 0.28527
205 0.219874
206 0.465374
207 0.353942
208 0.525557
209 0.408469
210 0.273852
211 0.396363
212 0.333253
213 0.429559
214 0.171843
215 0.550508
216 0.262753
217 0.287267
218 0.429418
219 0.436423
220 0.401162
221 0.426421
222 0.321336
223 0.498173
224 0.385295
225 0.210079
226 0.303306
227 0.442107
228 0.503433
229 0.349126
230 0.414816
231 0.509528
232 0.418378
233 0.274734
234 0.260055
235 0.377268
236 0.404037
237 0.259287
238 0.249504
239 0.403842
240 0.228302
241 0.359077
242 0.428364
243 0.341029
244 0.284673
245 0.290528
246 0.283704
247 0.422983
248 0.340227
249 0.407797
250 0.232089
251 0.238393
252 0.299323
253 0.280827
254 0.227501
255 0.373655
256 0.120324
257 0.202473
258 0.258966
259 0.125039
260 0.241402
261 0.095373
262 0.185864
263 0.232034
264 0.203847
265 0.10782
266 0.079226
267 0.160241
268 0.0989352
269 0.0343572
