6 0.0356003
7 0.331561
8 0.466661
9 0.411663
10 0.238206
11 0.106284
12 0.191201
13 0.220133
14 0.28942
15 0.184313
16 0.224728
17 0.161035
18 0.22054
19 0.15432
20 0.277206
21 0.131055
22 0.180479
23 0.301853
24 0.237473
25 0.233251
26 0.300944
27 0.26433
28 0.3646
29 0.293919
30 0.347537
31 0.374066
32 0.325952
33 0.301175
34 0.293937
35 0.307763
36 0.412745
37 0.316729
38 0.393346
39 0.362175
40 0.386097
41 0.326263
42 0.41183
43 0.375315
44 0.347053
45 0.361586
46 0.373905
47 0.457358
48 0.260629
49 0.39262
50 0.533757
51 0.283268
52 0.319723
53 0.447089
54 0.364427
55 0.37091
56 0.260516
57 0.483091
58 0.269751
59 0.318326
60 0.503713
61 0.344678
62 0.299478
63 0.337126
64 0.340801
65 0.318566
66 0.418813
67 0.476264
68 0.276907
69 0.363428
70 0.451154
71 0.367674
72 0.476809
73 0.307599
74 0.486714
75 0.335626
76 0.415386
77 0.460942
78 0.216145
79 0.273291
80 0.410706
81 0.509373
82 0.351996
83 0.48267
84 0.490221
85 0.16824
86 0.271408
87 0.365247
88 0.139406
89 0.484791
90 0.478708
91 0.500901
92 0.520597
93 0.420087
94 0.538221
95 0.424776
96 0.319804
97 0.505193
98 0.428296
99 0.482961
100 0.414632
101 0.482441
102 0.450071
103 0.482532
104 0.583111
105 0.158765
106 0.499692
107 0.413273
108 0.360558
109 0.160586
110 0.48013
111 0.197778
112 0.494435
113 0.486632
114 0.392836
115 0.503076
116 0.470324
117 0.48503
118 0.561235
119 0.450151
120 0.61121
121 0.55377
122 0.386496
123 0.514127
124 0.438537
125 0.39115
126 0.480746
127 0.422803
128 0.483273
129 0.399734
130 0.439445
131 0.476829
132 0.541855
133 0.472229
134 0.500977
135 0.281901
136 0.541037
137 0.357722
138 0.238735
139 0.454943
140 0.386078
141 0.458352
142 0.44271
143 0.329598
144 0.390199
145 0.528446
146 0.49405
147 0.480762
148 0.319116
149 0.542302
150 0.445858
151 0.462753
152 0.3812
153 0.458353
154 0.422717
155 0.340215
156 0.403244
157 0.418098
158 0.378597
159 0.379672
160 0.378079
161 0.301531
162 0.273461
163 0.398832
164 0.432379
165 0.335165
166 0.458552
167 0.350199
168 0.325896
169 0.445595
170 0.297421
171 0.383479
172 0.369589
173 0.256632
174 0.439843
175 0.294704
176 0.308855
177 0.366874
178 0.459795
179 0.369928
180 0.264357
181 0.485021
182 0.476011
183 0.284607
184 0.489142
185 0.243988
186 0.429476
187 0.44371
188 0.547993
189 0.430819
190 0.320934
191 0.363928
192 0.314251
193 0.312051
194 0.335359
195 0.373073
196 0.414476
197 0.486308
198 0.443492
199 0.416088
200 0.47353
201 0.158454
202 0.323927
203 0.286996
204 0.263415
205 0.497682
206 0.471539
207 0.431313
208 0.384137
209 0.408665
210 0.368524
211 0.507536
212 0.341708
213 0.28085
214 0.293615
215 0.54128
216 0.313045
217 0.287618
218 0.396258
219 0.224486
220 0.247102
221 0.351513
222 0.414997
223 0.318892
224 0.476875
225 0.240584
226 0.315719
227 0.44054
228 0.445827
229 0.421349
230 0.466677
231 0.417679
232 0.283472
233 0.24678
234 0.401648
235 0.406135
236 0.239951
237 0.375338
238 0.226483
239 0.364422
240 0.223456
241 0.240774
242 0.386939
243 0.392094
244 0.204618
245 0.261778
246 0.305802
247 0.421349
248 0.321792
249 0.462637
250 0.194383
251 0.209819
252 0.28207
253 0.122397
254 0.382805
255 0.119496
256 0.218053
257 0.257377
258 0.151049
259 0.164848
260 0.277675
261 0.100241
262 0.214172
263 0.172494
264 0.187602
265 0.179968
266 0.113815
267 0.0639724
268 0.129365
269 0.034297
