-60 -1.24844 -1.00798 -0.890597 9.33073 8.42065 7.26168
-59.4 -1.24839 -1.00801 -0.890695 9.31479 8.41923 7.26093
-58.8 -1.24834 -1.00805 -0.890792 9.29889 8.41783 7.26019
-58.2 -1.24829 -1.00808 -0.890887 9.28304 8.41643 7.25944
-57.6 -1.24824 -1.00811 -0.890981 9.26724 8.41504 7.2587
-57 -1.24819 -1.00814 -0.891074 9.25148 8.41366 7.25796
-56.4 -1.24813 -1.00817 -0.891165 9.23578 8.41229 7.25723
-55.8 -1.24808 -1.0082 -0.891256 9.22011 8.41093 7.25649
-55.2 -1.24802 -1.00823 -0.891344 9.2045 8.40958 7.25576
-54.6 -1.24796 -1.00826 -0.891432 9.18894 8.40823 7.25503
-54 -1.2479 -1.00829 -0.891519 9.17342 8.40689 7.2543
-53.4 -1.24785 -1.00832 -0.891604 9.15795 8.40557 7.25357
-52.8 -1.24779 -1.00834 -0.891688 9.14253 8.40425 7.25284
-52.2 -1.24772 -1.00837 -0.891771 9.12716 8.40293 7.25212
-51.6 -1.24766 -1.0084 -0.891853 9.11184 8.40163 7.2514
-51 -1.2476 -1.00842 -0.891934 9.09657 8.40034 7.25068
-50.4 -1.24754 -1.00845 -0.892014 9.08135 8.39905 7.24996
-49.8 -1.24747 -1.00847 -0.892092 9.06618 8.39778 7.24925
-49.2 -1.24741 -1.00849 -0.89217 9.05106 8.39651 7.24853
-48.6 -1.24734 -1.00852 -0.892247 9.03599 8.39525 7.24782
-48 -1.24727 -1.00854 -0.892323 9.02097 8.394 7.24711
-47.4 -1.2472 -1.00856 -0.892398 9.006 8.39276 7.2464
-46.8 -1.24714 -1.00859 -0.892472 8.99109 8.39152 7.2457
-46.2 -1.24707 -1.00861 -0.892545 8.97622 8.3903 7.24499
-45.6 -1.247 -1.00863 -0.892617 8.96141 8.38908 7.24429
-45 -1.24693 -1.00865 -0.892689 8.94665 8.38788 7.24359
-44.4 -1.24686 -1.00867 -0.892759 8.93194 8.38668 7.24289
-43.8 -1.24678 -1.0087 -0.892829 8.91729 8.38549 7.24219
-43.2 -1.24671 -1.00872 -0.892898 8.90268 8.38431 7.2415
-42.6 -1.24664 -1.00874 -0.892966 8.88814 8.38313 7.24081
-42 -1.24657 -1.00876 -0.893034 8.87364 8.38197 7.24012
-41.4 -1.24649 -1.00878 -0.893101 8.8592 8.38081 7.23943
-40.8 -1.24642 -1.0088 -0.893167 8.84481 8.37967 7.23874
-40.2 -1.24634 -1.00882 -0.893232 8.83048 8.37853 7.23806
-39.6 -1.24627 -1.00884 -0.893296 8.8162 8.3774 7.23737
-39 -1.24619 -1.00886 -0.89336 8.80197 8.37628 7.23669
-38.4 -1.24612 -1.00888 -0.893423 8.7878 8.37517 7.23601
-37.8 -1.24604 -1.0089 -0.893485 8.77369 8.37406 7.23534
-37.2 -1.24596 -1.00893 -0.893547 8.75963 8.37297 7.23466
-36.6 -1.24589 -1.00895 -0.893608 8.74563 8.37188 7.23399
-36 -1.24581 -1.00897 -0.893668 8.73168 8.37081 7.23332
-35.4 -1.24573 -1.00899 -0.893728 8.71779 8.36974 7.23265
-34.8 -1.24565 -1.00901 -0.893786 8.70396 8.36868 7.23198
-34.2 -1.24557 -1.00903 -0.893845 8.69018 8.36763 7.23131
-33.6 -1.24549 -1.00905 -0.893902 8.67646 8.36658 7.23065
-33 -1.24541 -1.00907 -0.893959 8.6628 8.36555 7.22999
-32.4 -1.24533 -1.00909 -0.894015 8.64919 8.36453 7.22933
-31.8 -1.24525 -1.00911 -0.894071 8.63565 8.36351 7.22867
-31.2 -1.24517 -1.00913 -0.894126 8.62216 8.3625 7.22802
-30.6 -1.24509 -1.00915 -0.89418 8.60873 8.3615 7.22736
-30 -1.24501 -1.00917 -0.894234 8.59536 8.36051 7.22671
-29.4 -1.24493 -1.00919 -0.894286 8.58205 8.35953 7.22606
-28.8 -1.24485 -1.00921 -0.894339 8.5688 8.35856 7.22541
-28.2 -1.24477 -1.00924 -0.89439 8.55561 8.3576 7.22477
-27.6 -1.24469 -1.00926 -0.894441 8.54247 8.35664 7.22412
-27 -1.24461 -1.00928 -0.894491 8.5294 8.3557 7.22348
-26.4 -1.24452 -1.0093 -0.894541 8.51639 8.35476 7.22284
-25.8 -1.24444 -1.00932 -0.89459 8.50344 8.35383 7.2222
-25.2 -1.24436 -1.00934 -0.894638 8.49055 8.35291 7.22157
-24.6 -1.24428 -1.00936 -0.894686 8.47772 8.352 7.22093
-24 -1.24419 -1.00938 -0.894732 8.46496 8.3511 7.2203
-23.4 -1.24411 -1.00941 -0.894779 8.45225 8.3502 7.21967
-22.8 -1.24403 -1.00943 -0.894824 8.43961 8.34932 7.21904
-22.2 -1.24394 -1.00945 -0.894869 8.42703 8.34844 7.21842
-21.6 -1.24386 -1.00947 -0.894913 8.41451 8.34758 7.21779
-21 -1.24378 -1.00949 -0.894956 8.40206 8.34672 7.21717
-20.4 -1.24369 -1.00951 -0.894999 8.38967 8.34587 7.21655
-19.8 -1.24361 -1.00953 -0.895041 8.37734 8.34503 7.21593
-19.2 -1.24353 -1.00956 -0.895082 8.36507 8.34419 7.21531
-18.6 -1.24344 -1.00958 -0.895122 8.35287 8.34337 7.2147
-18 -1.24336 -1.0096 -0.895162 8.34074 8.34256 7.21409
-17.4 -1.24328 -1.00962 -0.895201 8.32867 8.34175 7.21348
-16.8 -1.24319 -1.00964 -0.895239 8.31666 8.34095 7.21287
-16.2 -1.24311 -1.00967 -0.895277 8.30472 8.34017 7.21226
-15.6 -1.24302 -1.00969 -0.895314 8.29285 8.33939 7.21165
-15 -1.24294 -1.00971 -0.89535 8.28104 8.33862 7.21105
-14.4 -1.24286 -1.00973 -0.895385 8.2693 8.33786 7.21045
-13.8 -1.24277 -1.00975 -0.89542 8.25762 8.3371 7.20985
-13.2 -1.24269 -1.00978 -0.895454 8.24601 8.33636 7.20925
-12.6 -1.24261 -1.0098 -0.895487 8.23447 8.33562 7.20866
-12 -1.24252 -1.00982 -0.895519 8.22299 8.3349 7.20807
-11.4 -1.24244 -1.00984 -0.895551 8.21159 8.33418 7.20748
-10.8 -1.24236 -1.00986 -0.895582 8.20025 8.33347 7.20689
-10.2 -1.24227 -1.00989 -0.895612 8.18897 8.33277 7.2063
-9.6 -1.24219 -1.00991 -0.895641 8.17777 8.33208 7.20571
-9 -1.24211 -1.00993 -0.89567 8.16664 8.3314 7.20513
-8.4 -1.24202 -1.00995 -0.895698 8.15557 8.33072 7.20455
-7.8 -1.24194 -1.00997 -0.895725 8.14457 8.33006 7.20397
-7.2 -1.24186 -1.01 -0.895751 8.13365 8.3294 7.20339
-6.6 -1.24178 -1.01002 -0.895777 8.12279 8.32876 7.20282
-6 -1.2417 -1.01004 -0.895802 8.112 8.32812 7.20224
-5.4 -1.24161 -1.01006 -0.895826 8.10128 8.32749 7.20167
-4.8 -1.24153 -1.01009 -0.895849 8.09064 8.32687 7.2011
-4.2 -1.24145 -1.01011 -0.895872 8.08006 8.32626 7.20054
-3.6 -1.24137 -1.01013 -0.895894 8.06956 8.32566 7.19997
-3 -1.24129 -1.01015 -0.895915 8.05913 8.32506 7.19941
-2.4 -1.24121 -1.01018 -0.895935 8.04876 8.32448 7.19885
-1.8 -1.24113 -1.0102 -0.895955 8.03847 8.3239 7.19829
-1.2 -1.24105 -1.01022 -0.895974 8.02826 8.32334 7.19773
-0.6 -1.24097 -1.01025 -0.895992 8.01811 8.32278 7.19717
0 -1.2409 -1.01027 -0.896009 8.00804 8.32223 7.19662
0.6 -1.24082 -1.01029 -0.896026 7.99804 8.32169 7.19607
1.2 -1.24074 -1.01032 -0.896042 7.98812 8.32116 7.19552
1.8 -1.24067 -1.01034 -0.896057 7.97827 8.32063 7.19497
2.4 -1.24059 -1.01036 -0.896072 7.96849 8.32012 7.19442
3 -1.24051 -1.01039 -0.896086 7.95879 8.31961 7.19388
3.6 -1.24044 -1.01041 -0.896099 7.94916 8.31912 7.19334
4.2 -1.24037 -1.01043 -0.896111 7.9396 8.31863 7.1928
4.8 -1.24029 -1.01046 -0.896123 7.93012 8.31815 7.19226
5.4 -1.24022 -1.01048 -0.896134 7.92072 8.31768 7.19172
6 -1.24015 -1.01051 -0.896144 7.91139 8.31722 7.19119
6.6 -1.24008 -1.01053 -0.896154 7.90214 8.31677 7.19066
7.2 -1.24001 -1.01055 -0.896163 7.89296 8.31633 7.19013
7.8 -1.23994 -1.01058 -0.896172 7.88386 8.31589 7.1896
8.4 -1.23987 -1.0106 -0.896179 7.87484 8.31547 7.18907
9 -1.2398 -1.01063 -0.896186 7.86589 8.31505 7.18855
9.6 -1.23973 -1.01065 -0.896193 7.85703 8.31464 7.18803
10.2 -1.23966 -1.01068 -0.896198 7.84823 8.31425 7.18751
10.8 -1.2396 -1.0107 -0.896204 7.83952 8.31386 7.18699
11.4 -1.23953 -1.01073 -0.896208 7.83088 8.31348 7.18647
12 -1.23947 -1.01076 -0.896212 7.82233 8.3131 7.18596
12.6 -1.23941 -1.01078 -0.896215 7.81385 8.31274 7.18545
13.2 -1.23935 -1.01081 -0.896217 7.80544 8.31239 7.18494
13.8 -1.23929 -1.01083 -0.896219 7.79712 8.31204 7.18443
14.4 -1.23923 -1.01086 -0.896221 7.78888 8.31171 7.18392
15 -1.23917 -1.01089 -0.896221 7.78072 8.31138 7.18342
15.6 -1.23911 -1.01091 -0.896221 7.77263 8.31106 7.18292
16.2 -1.23905 -1.01094 -0.896221 7.76463 8.31075 7.18242
16.8 -1.239 -1.01097 -0.89622 7.75671 8.31045 7.18192
17.4 -1.23894 -1.011 -0.896218 7.74886 8.31016 7.18142
18 -1.23889 -1.01103 -0.896215 7.7411 8.30988 7.18093
18.6 -1.23884 -1.01105 -0.896212 7.73342 8.3096 7.18044
19.2 -1.23879 -1.01108 -0.896209 7.72582 8.30934 7.17995
19.8 -1.23874 -1.01111 -0.896205 7.7183 8.30908 7.17946
20.4 -1.23869 -1.01114 -0.8962 7.71086 8.30883 7.17897
21 -1.23864 -1.01117 -0.896195 7.70351 8.3086 7.17849
21.6 -1.2386 -1.0112 -0.896189 7.69623 8.30837 7.178
22.2 -1.23856 -1.01123 -0.896182 7.68904 8.30815 7.17752
22.8 -1.23851 -1.01126 -0.896175 7.68194 8.30793 7.17705
23.4 -1.23847 -1.01129 -0.896168 7.67491 8.30773 7.17657
24 -1.23843 -1.01132 -0.89616 7.66797 8.30754 7.1761
24.6 -1.23839 -1.01135 -0.896151 7.66111 8.30735 7.17562
25.2 -1.23836 -1.01138 -0.896142 7.65433 8.30718 7.17515
25.8 -1.23832 -1.01141 -0.896132 7.64764 8.30701 7.17468
26.4 -1.23829 -1.01145 -0.896121 7.64103 8.30685 7.17422
27 -1.23825 -1.01148 -0.89611 7.63451 8.3067 7.17375
27.6 -1.23822 -1.01151 -0.896099 7.62807 8.30656 7.17329
28.2 -1.23819 -1.01154 -0.896087 7.62172 8.30643 7.17283
28.8 -1.23816 -1.01158 -0.896074 7.61545 8.30631 7.17237
29.4 -1.23814 -1.01161 -0.896061 7.60926 8.3062 7.17192
30 -1.23811 -1.01164 -0.896047 7.60316 8.30609 7.17146
30.6 -1.23809 -1.01168 -0.896033 7.59715 8.306 7.17101
31.2 -1.23807 -1.01171 -0.896018 7.59122 8.30591 7.17056
31.8 -1.23805 -1.01174 -0.896003 7.58538 8.30583 7.17011
32.4 -1.23803 -1.01178 -0.895987 7.57962 8.30576 7.16966
33 -1.23801 -1.01181 -0.89597 7.57395 8.3057 7.16922
33.6 -1.238 -1.01185 -0.895953 7.56836 8.30565 7.16878
34.2 -1.23799 -1.01188 -0.895935 7.56287 8.30561 7.16834
34.8 -1.23797 -1.01192 -0.895917 7.55746 8.30558 7.1679
35.4 -1.23797 -1.01196 -0.895898 7.55213 8.30555 7.16746
36 -1.23796 -1.01199 -0.895879 7.5469 8.30554 7.16703
36.6 -1.23795 -1.01203 -0.895859 7.54175 8.30553 7.16659
37.2 -1.23795 -1.01207 -0.895839 7.53668 8.30553 7.16616
37.8 -1.23794 -1.0121 -0.895818 7.53171 8.30555 7.16574
38.4 -1.23794 -1.01214 -0.895796 7.52682 8.30557 7.16531
39 -1.23795 -1.01218 -0.895774 7.52203 8.30559 7.16488
39.6 -1.23795 -1.01222 -0.895751 7.51732 8.30563 7.16446
40.2 -1.23795 -1.01226 -0.895728 7.51269 8.30568 7.16404
40.8 -1.23796 -1.01229 -0.895704 7.50816 8.30574 7.16362
41.4 -1.23797 -1.01233 -0.89568 7.50372 8.3058 7.16321
42 -1.23798 -1.01237 -0.895655 7.49936 8.30588 7.16279
42.6 -1.23799 -1.01241 -0.895629 7.4951 8.30596 7.16238
43.2 -1.23801 -1.01245 -0.895603 7.49092 8.30605 7.16197
43.8 -1.23802 -1.01249 -0.895576 7.48683 8.30615 7.16156
44.4 -1.23804 -1.01253 -0.895548 7.48283 8.30626 7.16115
45 -1.23806 -1.01257 -0.89552 7.47892 8.30638 7.16075
45.6 -1.23809 -1.01261 -0.895492 7.4751 8.30651 7.16035
46.2 -1.23811 -1.01265 -0.895463 7.47138 8.30664 7.15995
46.8 -1.23814 -1.0127 -0.895433 7.46774 8.30679 7.15955
47.4 -1.23816 -1.01274 -0.895402 7.46419 8.30694 7.15915
48 -1.2382 -1.01278 -0.895371 7.46073 8.3071 7.15876
48.6 -1.23823 -1.01282 -0.895339 7.45736 8.30728 7.15836
49.2 -1.23826 -1.01286 -0.895307 7.45408 8.30746 7.15797
49.8 -1.2383 -1.0129 -0.895274 7.4509 8.30765 7.15759
50.4 -1.23834 -1.01295 -0.89524 7.4478 8.30785 7.1572
51 -1.23838 -1.01299 -0.895206 7.44479 8.30805 7.15682
51.6 -1.23842 -1.01303 -0.895171 7.44188 8.30827 7.15643
52.2 -1.23847 -1.01308 -0.895135 7.43906 8.3085 7.15605
52.8 -1.23852 -1.01312 -0.895099 7.43632 8.30873 7.15567
53.4 -1.23857 -1.01316 -0.895062 7.43368 8.30897 7.1553
54 -1.23862 -1.01321 -0.895024 7.43113 8.30923 7.15492
54.6 -1.23867 -1.01325 -0.894985 7.42867 8.30949 7.15455
55.2 -1.23873 -1.01329 -0.894946 7.42631 8.30976 7.15418
55.8 -1.23878 -1.01334 -0.894906 7.42403 8.31004 7.15381
56.4 -1.23885 -1.01338 -0.894865 7.42185 8.31032 7.15345
57 -1.23891 -1.01343 -0.894824 7.41976 8.31062 7.15308
57.6 -1.23897 -1.01347 -0.894782 7.41776 8.31093 7.15272
58.2 -1.23904 -1.01352 -0.894739 7.41585 8.31124 7.15236
58.8 -1.23911 -1.01356 -0.894695 7.41404 8.31156 7.152
59.4 -1.23918 -1.0136 -0.894651 7.41231 8.3119 7.15164
