0 16.1
1 13.61
2 12.54
3 12.83
4 12.13
5 10.73
6 10.2
7 12.1
8 10.59
9 7.3
10 7.54
11 9.63
12 10.64
13 10.19
14 14.08
15 17.23
16 16.68
17 16.33
18 15.73
19 16.24
20 17.9
21 18.38
22 16.41
23 14.07
24 13.65
25 13.26
26 12.98
27 10.64
28 10.24
29 10.26
30 9.33
31 8.92
32 7.17
33 7
34 7.59
35 9.61
36 12.17
37 11.56
38 11.77
39 10.73
40 7.49
41 5.81
42 6
43 6.66
44 8.4
45 7.95
46 10.14
47 11.57
48 13.37
49 17.44
50 15.59
51 14.85
52 14.09
53 13.26
54 10.38
55 9.01
56 8.19
57 7.55
58 7.11
59 7.34
60 7.05
61 11.47
62 12.77
63 12.06
64 10.82
65 11.24
66 12.92
67 14.25
68 12.92
69 15
70 14.96
71 11.23
72 8.38
73 7.37
74 8.67
75 9.11
76 11.88
77 12.91
78 12.25
79 9.91
80 9.78
81 10.48
82 11.79
83 11.61
84 10.13
85 10.94
86 10.61
87 11.79
88 14.24
89 16.79
