0 27.0772
1 16.811
2 12.2728
3 12.8473
4 14.6276
5 11.1685
6 10.189
7 12.2758
8 12.737
9 10.0144
10 9.80933
11 12.7415
12 11.154
13 10.5981
14 13.1684
15 17.2787
16 15.322
17 13.0054
18 11.9826
19 15.0839
20 12.769
21 13.1627
22 12.8258
23 10.4887
24 11.8271
25 9.57419
26 11.4734
27 11.0374
28 10.7649
29 9.29175
30 8.01068
31 7.57553
32 7.51226
33 7.57919
34 7.68677
35 8.42394
36 12.5386
37 12.0624
38 10.3835
39 9.14523
40 7.67073
41 7.73211
42 7.88241
43 8.0755
44 8.52017
45 9.07653
46 11.5063
47 14.0745
48 13.3029
49 17.5692
50 19.8743
51 14.0983
52 13.3978
53 13.2742
54 10.9829
55 11.0812
56 9.55988
57 9.57617
58 8.37021
59 8.92784
60 9.53433
61 10.3928
62 11.4794
63 12.434
64 11.6628
65 10.8535
66 11.2022
67 10.3666
68 10.5923
69 9.93148
70 10.9583
71 8.78263
72 8.15749
73 8.07667
74 7.98517
75 8.25674
76 9.40542
77 10.1059
78 11.3185
79 9.18766
80 9.07096
81 10.3572
82 14.2743
83 12.7872
84 12.0279
85 12.4669
86 10.2786
87 11.4578
88 13.5569
89 27.7775
