0 42.8712
1 16.1795
2 10.5197
3 17.5219
4 16.9072
5 8.22774
6 8.9603
7 12.1526
8 11.6021
9 7.3709
10 7.89636
11 12.7956
12 10.0127
13 8.10275
14 16.2529
15 25.4057
16 15.9167
17 10.7113
18 10.3899
19 16.5667
20 14.8582
21 14.8843
22 14.0699
23 8.51043
24 7.90346
25 6.02651
26 8.97555
27 10.8611
28 12.0124
29 8.29122
30 6.27681
31 5.54354
32 5.23818
33 5.47959
34 7.15053
35 9.18886
36 27.1963
37 38.6471
38 25.1921
39 14.1307
40 6.63362
41 5.20082
42 4.73879
43 4.99597
44 6.04442
45 5.85044
46 7.98441
47 10.2955
48 9.76831
49 13.5512
50 15.7748
51 11.7465
52 12.4804
53 10.6697
54 6.86331
55 6.63983
56 5.84667
57 6.81906
58 7.15815
59 7.83254
60 7.68905
61 12.5722
62 15.4788
63 15.4749
64 9.38872
65 7.96509
66 7.07521
67 7.01184
68 7.83854
69 7.04949
70 7.78947
71 5.92219
72 4.78634
73 6.14231
74 5.82772
75 6.47446
76 7.99072
77 12.2028
78 11.5487
79 6.73165
80 7.20886
81 9.79145
82 16.5596
83 13.0553
84 10.5977
85 11.8026
86 9.88531
87 9.89704
88 19.1228
89 49.0143
