0 34.8197
1 15.7921
2 11.2088
3 14.2548
4 15.6323
5 9.29891
6 8.12041
7 12.8812
8 11.2703
9 8.83124
10 8.79175
11 13.4328
12 11.3168
13 9.73238
14 14.4596
15 19.8016
16 14.7809
17 12.3927
18 12.1364
19 16.1459
20 15.2126
21 16.817
22 15.1012
23 9.61213
24 9.46247
25 7.695
26 9.96785
27 10.7606
28 11.2347
29 9.74746
30 7.31494
31 5.71528
32 5.07946
33 5.63467
34 6.90316
35 9.18116
36 18.0098
37 23.8929
38 14.92
39 10.8293
40 6.33402
41 6.09209
42 5.46891
43 5.88654
44 6.67829
45 6.9705
46 9.59294
47 11.7658
48 10.7183
49 16.4161
50 17.9437
51 12.9476
52 12.8851
53 11.7771
54 8.40591
55 8.13398
56 7.11332
57 7.90139
58 7.13304
59 8.0252
60 8.03632
61 10.3702
62 14.5282
63 15.2712
64 9.84
65 8.21302
66 8.80385
67 7.49205
68 8.00208
69 7.78705
70 9.10563
71 6.97998
72 5.9
73 6.60277
74 7.33622
75 6.62088
76 8.39988
77 12.0974
78 10.871
79 7.59076
80 8.26349
81 9.96553
82 16.0482
83 13.6634
84 10.7659
85 10.9671
86 9.80624
87 12.0019
88 18.2422
89 57.6351
