-1.14276e-13
-4.57167e-14
-1.64585e-14
-8.50312e-15
 -1.5426e-15
 4.78754e-14
     4.13029
      4.4753
     4.77136
     5.33777
     5.72049
     6.12198
       6.644
     7.04783
     7.41129
     7.82991
     7.98562
     8.38299
     8.65636
     8.78514
     9.03869
     9.19627
     9.34952
     9.81159
     9.99602
     10.1982
     10.3004
     10.4937
      10.663
     10.7861
     11.2778
     11.4109
     11.5312
     11.7943
     12.0205
     12.2466
     12.2795
     12.5262
     12.7003
     12.8487
     13.0335
     13.2027
     13.4695
     13.5916
      13.885
      14.002
     14.1294
     14.3632
     14.5388
     14.6856
     14.7506
      14.805
     15.0099
     15.1192
     15.1575
     15.3629
     15.4239
     15.5294
     15.5753
      15.751
     16.1655
     16.3381
     16.6209
     16.8197
     16.8695
     16.9614
     17.0462
     17.2747
     17.3019
     17.3762
     17.4597
     17.6111
     17.6715
     17.8882
     18.0945
     18.2278
       18.32
     18.4393
     18.7198
     18.9066
     18.9467
     19.1013
      19.279
     19.3291
     19.3885
     19.4446
     19.6224
     19.7972
     19.9106
     19.9853
     20.0987
      20.164
      20.279
      20.318
     20.5177
      20.664
     20.7372
     20.8356
     21.0022
     21.0414
     21.0855
     21.2229
     21.3262
     21.5021
      21.558
     21.6205
     21.7263
     21.7491
     21.8869
     21.9045
     21.9776
     22.0613
     22.1401
     22.3393
     22.3671
     22.4501
     22.6379
      22.654
     22.7556
     22.9769
     23.0282
     23.2349
     23.2734
     23.3052
     23.3953
     23.4529
     23.5779
     23.7526
     23.8003
     23.8616
     24.0908
     24.1287
     24.2721
     24.3405
      24.413
     24.4484
     24.6014
     24.7256
     24.8256
     24.8717
     24.9273
     25.0509
     25.0957
     25.1338
     25.2254
     25.3427
     25.4595
     25.5167
     25.5882
     25.6858
     25.7425
     25.8339
     25.8743
     26.0819
     26.1302
     26.2394
     26.2965
     26.3549
     26.4168
     26.4744
     26.5413
     26.6281
     26.6783
      26.714
     26.7674
      26.871
     26.9268
     27.0189
     27.0412
     27.1127
     27.1511
     27.2425
     27.3142
     27.3853
     27.4879
     27.5519
     27.6008
     27.6589
     27.7127
     27.8279
     27.9155
     27.9757
     27.9906
     28.0698
     28.1314
     28.1944
     28.2497
     28.3342
     28.3532
     28.4296
     28.4564
      28.555
     28.5926
     28.5977
     28.6781
      28.744
     28.8253
     28.9038
     28.9906
     29.0409
     29.0652
     29.1121
     29.2013
     29.3685
     29.4993
     29.5143
      29.538
     29.5953
     29.7082
     29.7671
     29.8009
     29.8757
     29.9812
     30.0153
     30.1591
     30.2084
     30.3171
     30.3309
     30.4045
      30.496
     30.7137
     30.7392
     30.8529
     30.8924
     30.9116
     31.0187
     31.1004
     31.1712
     31.1999
     31.2961
     31.3833
     31.5238
     31.6113
     31.6824
     31.7486
     31.8315
     31.9788
      32.073
     32.0908
     32.1821
      32.218
     32.2615
     32.3155
     32.3661
     32.4453
     32.5159
     32.5562
     32.6075
     32.6671
     32.7201
     32.7972
     32.8448
     32.8681
     32.9505
     33.0177
     33.0423
     33.0771
     33.2192
       33.23
     33.3124
     33.3912
     33.4061
     33.5151
     33.5648
      33.664
     33.7925
     33.8917
     33.9737
      33.991
     34.0761
     34.1592
     34.1959
     34.2138
     34.2848
     34.3274
     34.4818
     34.5834
     34.5947
     34.6395
     34.7498
     34.7942
     34.8475
     34.8924
     34.9903
      34.997
     35.0667
     35.1876
     35.2087
     35.3553
     35.3804
     35.4596
     35.4945
     35.6236
     35.6725
     35.7475
     35.8383
     35.9205
     35.9326
       35.99
     36.1295
     36.1558
     36.2969
     36.3416
     36.3933
     36.5103
     36.6036
     36.6336
     36.8069
     36.8481
     36.9772
     37.0104
     37.0552
     37.2091
     37.2301
     37.2902
     37.4619
     37.6244
      37.723
     37.8099
     37.8392
     37.9566
     38.0109
     38.0789
     38.1275
     38.2991
     38.3963
     38.4643
     38.5654
     38.7562
     38.7884
     38.8006
     38.9747
     39.0538
     39.1492
     39.2891
      39.357
     39.6588
      39.709
     39.8097
     40.0368
     40.1596
     40.2264
     40.3695
     40.5412
     40.6857
     40.7204
     40.8942
     40.9264
     41.0607
     41.1598
     41.4338
     41.5245
      41.624
     41.7638
     41.8517
     41.9487
     42.1052
        42.3
     42.3714
     42.4767
     42.5775
     42.6908
     42.7755
     42.9231
     43.0367
     43.0897
     43.2484
     43.4045
     43.4951
     43.6049
      43.658
     43.6947
     43.8179
     43.9728
      44.075
     44.3955
      44.426
     44.4843
     44.5589
     44.6532
     44.7679
      44.807
     45.0113
     45.1015
     45.1332
     45.2241
     45.3368
     45.4516
     45.6109
     45.7438
     45.8551
     45.8934
     46.1198
     46.1269
     46.2138
     46.3621
     46.4761
     46.7063
      46.934
     47.1086
      47.196
     47.4874
     47.5865
     47.6212
     47.7403
     47.9212
     48.0846
     48.1687
     48.2584
     48.4226
     48.7037
     48.8672
     49.0102
       49.17
     49.2743
     49.3988
     49.6173
     49.8552
     50.0374
     50.0874
     50.0974
     50.2478
     50.3498
     50.4182
     50.6321
     50.8831
     50.9076
     51.0136
     51.1494
     51.2234
     51.3466
     51.4663
     51.6248
     51.7745
     51.8484
     52.0036
     52.1798
     52.3784
     52.4811
     52.5027
     52.5428
     52.7653
     52.8012
     53.0409
     53.1632
     53.2099
     53.3125
     53.4851
     53.5225
     53.5811
     53.6554
     53.8331
     54.0837
     54.2712
     54.3726
     54.6215
     54.9459
     55.3293
     55.4487
     55.4874
     55.7285
     55.8281
     56.0618
     56.3496
     56.3798
     56.9281
     56.9801
     57.3577
     57.4718
     57.7462
     57.9431
     58.1118
     58.5293
     58.6706
     58.8993
     59.0841
     59.2791
     59.5005
     60.1719
     60.3057
     60.7159
     60.7846
     61.2798
     61.8389
     62.1467
     62.8774
     63.0098
     63.3882
     63.8975
     64.3277
     64.7406
      64.967
     65.3826
     65.7906
     66.7647
     66.9624
     67.4836
     68.5996
          70
      70.231
     70.6546
     71.4955
     74.6677
     75.2053
     75.6406
     76.5704
     80.1038
