0 36.3409
1 29.523
2 18.66
3 12.8916
4 10.0483
5 8.27657
6 7.20178
7 6.42719
8 6.21715
9 5.97912
10 6.23829
11 6.20801
12 6.4056
13 7.69822
14 9.06004
15 10.4107
16 8.34509
17 8.19317
18 10.2048
19 10.8293
20 10.1096
21 10.2409
22 13.5783
23 15.8346
24 10.8547
25 11.1005
26 10.116
27 10.3132
28 10.2789
29 9.13733
30 9.45525
31 9.44639
32 9.35751
33 12.7846
34 13.3226
35 9.6987
36 9.12261
37 7.74295
38 8.30861
39 8.14086
40 9.6076
41 11.0112
42 12.4049
43 18.1188
44 16.5685
45 15.1733
46 12.5448
47 9.64705
48 11.3097
49 9.51252
50 8.87418
51 9.73222
52 10.4425
53 8.85587
54 7.35293
55 6.74952
56 7.22885
57 7.73559
58 10.2847
59 13.0802
60 15.1373
61 21.9118
62 20.2304
63 13.3772
64 10.1042
65 8.23408
66 8.20484
67 7.25532
68 7.63701
69 8.17488
70 9.03986
71 11.047
72 12.0391
73 15.2908
74 15.3357
75 20.7211
76 13.7928
77 12.6463
78 15.0689
79 12.5883
80 9.79273
81 10.5562
82 10.7646
83 8.85257
84 8.23475
85 10.1622
86 11.7016
87 21.1395
88 18.2657
89 15.0073
90 11.8114
91 9.38776
92 9.97813
93 9.47622
94 9.32636
95 9.22289
96 9.49622
97 10.7107
98 9.733
99 11.9941
100 11.6922
101 15.6528
102 22.526
103 18.663
104 19.6672
105 15.3766
106 12.341
107 11.3999
108 8.9945
109 8.4489
110 7.40105
111 7.47633
112 8.08346
113 9.59438
114 12.4805
115 14.5636
116 13.2059
117 14.2844
118 11.3396
119 11.8521
120 10.2265
121 8.96614
122 9.24245
123 10.7029
124 10.6086
125 8.11595
126 8.11948
127 9.47062
128 8.1146
129 7.19678
130 8.17057
131 9.11843
132 8.08412
133 7.9729
134 10.4998
135 10.8182
136 9.58996
137 11.0424
138 9.38445
139 12.7873
140 14.7465
141 14.9657
142 10.4103
143 10.491
144 13.8451
145 10.8996
146 8.9502
147 11.2556
148 13.3634
149 10.7388
150 13.1418
151 11.622
152 13.7005
153 18.7734
154 15.7195
155 18.8666
156 21.9265
157 23.6491
158 15.4904
159 15.3164
160 20.3233
161 15.6704
162 12.1873
163 15.4727
164 19.7444
165 13.2953
166 12.8787
167 21.9592
168 28.0923
