-200 -3.11514 -2.28601 5.81872 10.0202
-198 -3.11489 -2.28577 5.82027 10.0188
-196 -3.11465 -2.28554 5.82183 10.0174
-194 -3.11441 -2.2853 5.8234 10.0161
-192 -3.11417 -2.28507 5.82498 10.0148
-190 -3.11393 -2.28484 5.82656 10.0136
-188 -3.1137 -2.28461 5.82815 10.0124
-186 -3.11346 -2.28438 5.82975 10.0113
-184 -3.11323 -2.28416 5.83135 10.0102
-182 -3.113 -2.28393 5.83297 10.0092
-180 -3.11278 -2.28371 5.83459 10.0082
-178 -3.11255 -2.28349 5.83622 10.0073
-176 -3.11233 -2.28328 5.83785 10.0065
-174 -3.11211 -2.28306 5.83949 10.0057
-172 -3.11189 -2.28285 5.84114 10.0049
-170 -3.11168 -2.28264 5.8428 10.0042
-168 -3.11147 -2.28244 5.84447 10.0036
-166 -3.11126 -2.28224 5.84614 10.003
-164 -3.11106 -2.28204 5.84782 10.0025
-162 -3.11085 -2.28184 5.84951 10.002
-160 -3.11065 -2.28164 5.8512 10.0016
-158 -3.11045 -2.28145 5.85291 10.0012
-156 -3.11026 -2.28126 5.85462 10.0009
-154 -3.11006 -2.28106 5.85633 10.0006
-152 -3.10986 -2.28087 5.85806 10.0004
-150 -3.10967 -2.28069 5.85979 10.0002
-148 -3.10947 -2.2805 5.86153 10.0001
-146 -3.10928 -2.28031 5.86328 10.0001
-144 -3.10908 -2.28011 5.86503 10.0001
-142 -3.10888 -2.27992 5.86679 10.0001
-140 -3.10868 -2.27972 5.86856 10.0002
-138 -3.10847 -2.27952 5.87034 10.0004
-136 -3.10825 -2.27932 5.87212 10.0006
-134 -3.10804 -2.2791 5.87391 10.0009
-132 -3.10781 -2.27888 5.87571 10.0012
-130 -3.10757 -2.27865 5.87752 10.0016
-128 -3.10732 -2.27841 5.87933 10.002
-126 -3.10706 -2.27816 5.88115 10.0025
-124 -3.10679 -2.27789 5.88298 10.003
-122 -3.1065 -2.27761 5.88481 10.0036
-120 -3.10619 -2.27731 5.88666 10.0042
-118 -3.10586 -2.27699 5.88851 10.0049
-116 -3.10552 -2.27665 5.89036 10.0057
-114 -3.10514 -2.27629 5.89223 10.0065
-112 -3.10475 -2.2759 5.8941 10.0073
-110 -3.10432 -2.27548 5.89598 10.0083
-108 -3.10387 -2.27504 5.89786 10.0092
-106 -3.10339 -2.27456 5.89975 10.0102
-104 -3.10287 -2.27405 5.90166 10.0113
-102 -3.10232 -2.27351 5.90356 10.0124
-100 -3.10174 -2.27293 5.90548 10.0136
-98 -3.10111 -2.27231 5.9074 10.0148
-96 -3.10045 -2.27166 5.90933 10.0161
-94 -3.09976 -2.27097 5.91126 10.0174
-92 -3.09902 -2.27024 5.91321 10.0188
-90 -3.09824 -2.26947 5.91516 10.0203
-88 -3.09743 -2.26866 5.91712 10.0218
-86 -3.09658 -2.26781 5.91908 10.0233
-84 -3.09569 -2.26693 5.92105 10.0249
-82 -3.09477 -2.26602 5.92303 10.0266
-80 -3.09382 -2.26507 5.92502 10.0283
-78 -3.09284 -2.26409 5.92701 10.03
-76 -3.09183 -2.26308 5.92901 10.0319
-74 -3.0908 -2.26205 5.93102 10.0337
-72 -3.08975 -2.261 5.93304 10.0356
-70 -3.08869 -2.25994 5.93506 10.0376
-68 -3.08762 -2.25887 5.93709 10.0396
-66 -3.08654 -2.25779 5.93913 10.0417
-64 -3.08546 -2.25671 5.94117 10.0438
-62 -3.0844 -2.25564 5.94322 10.046
-60 -3.08334 -2.25458 5.94528 10.0483
-58 -3.0823 -2.25353 5.94734 10.0506
-56 -3.08128 -2.25251 5.94941 10.0529
-54 -3.08029 -2.25152 5.95149 10.0553
-52 -3.07933 -2.25055 5.95358 10.0577
-50 -3.07841 -2.24962 5.95567 10.0602
-48 -3.07753 -2.24874 5.95777 10.0628
-46 -3.07669 -2.24789 5.95988 10.0654
-44 -3.0759 -2.24709 5.96199 10.068
-42 -3.07515 -2.24633 5.96411 10.0708
-40 -3.07445 -2.24562 5.96624 10.0735
-38 -3.07379 -2.24496 5.96838 10.0763
-36 -3.07318 -2.24434 5.97052 10.0792
-34 -3.07262 -2.24377 5.97267 10.0821
-32 -3.0721 -2.24324 5.97482 10.0851
-30 -3.07162 -2.24276 5.97699 10.0881
-28 -3.07118 -2.24231 5.97916 10.0912
-26 -3.07078 -2.24191 5.98133 10.0943
-24 -3.07041 -2.24153 5.98352 10.0975
-22 -3.07006 -2.24119 5.98571 10.1007
-20 -3.06975 -2.24088 5.9879 10.104
-18 -3.06946 -2.24059 5.99011 10.1073
-16 -3.06919 -2.24033 5.99232 10.1107
-14 -3.06893 -2.24008 5.99454 10.1142
-12 -3.0687 -2.23986 5.99676 10.1176
-10 -3.06847 -2.23965 5.999 10.1212
-8 -3.06826 -2.23946 6.00124 10.1248
-6 -3.06805 -2.23928 6.00348 10.1284
-4 -3.06785 -2.23911 6.00573 10.1321
-2 -3.06765 -2.23895 6.00799 10.1359
0 -3.06744 -2.2388 6.01026 10.1397
2 -3.06724 -2.23864 6.01253 10.1435
4 -3.06702 -2.23848 6.01481 10.1474
6 -3.06679 -2.23832 6.0171 10.1514
8 -3.06654 -2.23815 6.01939 10.1554
10 -3.06627 -2.23797 6.02169 10.1594
12 -3.06598 -2.23777 6.024 10.1635
14 -3.06566 -2.23755 6.02632 10.1677
16 -3.06531 -2.23731 6.02864 10.1719
18 -3.06492 -2.23705 6.03097 10.1761
20 -3.06449 -2.23676 6.0333 10.1805
22 -3.06402 -2.23644 6.03564 10.1848
24 -3.06351 -2.23609 6.03799 10.1892
26 -3.06295 -2.23571 6.04034 10.1937
28 -3.06236 -2.2353 6.04271 10.1982
30 -3.06171 -2.23485 6.04507 10.2028
32 -3.06102 -2.23438 6.04745 10.2074
34 -3.06029 -2.23388 6.04983 10.212
36 -3.05952 -2.23335 6.05222 10.2167
38 -3.05871 -2.2328 6.05461 10.2215
40 -3.05786 -2.23222 6.05702 10.2263
42 -3.05698 -2.23163 6.05942 10.2312
44 -3.05607 -2.23102 6.06184 10.2361
46 -3.05513 -2.2304 6.06426 10.2411
48 -3.05416 -2.22976 6.06669 10.2461
50 -3.05318 -2.22912 6.06912 10.2511
52 -3.05217 -2.22848 6.07157 10.2562
54 -3.05115 -2.22784 6.07401 10.2614
56 -3.05012 -2.2272 6.07647 10.2666
58 -3.04909 -2.22657 6.07893 10.2719
60 -3.04804 -2.22595 6.0814 10.2772
62 -3.047 -2.22534 6.08387 10.2825
64 -3.04596 -2.22474 6.08636 10.2879
66 -3.04492 -2.22416 6.08884 10.2934
68 -3.04388 -2.2236 6.09134 10.2989
70 -3.04286 -2.22306 6.09384 10.3045
72 -3.04184 -2.22254 6.09635 10.3101
74 -3.04084 -2.22204 6.09886 10.3157
76 -3.03985 -2.22156 6.10138 10.3214
78 -3.03888 -2.22111 6.10391 10.3272
80 -3.03792 -2.22069 6.10644 10.333
82 -3.03699 -2.22029 6.10899 10.3388
84 -3.03607 -2.21992 6.11153 10.3447
86 -3.03518 -2.21958 6.11409 10.3506
88 -3.0343 -2.21926 6.11665 10.3566
90 -3.03345 -2.21897 6.11921 10.3627
92 -3.03262 -2.21871 6.12179 10.3688
94 -3.03181 -2.21847 6.12436 10.3749
96 -3.03103 -2.21826 6.12695 10.3811
98 -3.03027 -2.21807 6.12954 10.3873
100 -3.02954 -2.21791 6.13214 10.3936
102 -3.02883 -2.21777 6.13475 10.3999
104 -3.02815 -2.21766 6.13736 10.4063
106 -3.02749 -2.21757 6.13998 10.4127
108 -3.02686 -2.21751 6.1426 10.4192
110 -3.02626 -2.21746 6.14523 10.4257
112 -3.02567 -2.21744 6.14787 10.4323
114 -3.02512 -2.21744 6.15051 10.4389
116 -3.02459 -2.21746 6.15316 10.4455
118 -3.02408 -2.2175 6.15582 10.4522
120 -3.0236 -2.21756 6.15848 10.459
122 -3.02315 -2.21763 6.16115 10.4658
124 -3.02271 -2.21772 6.16383 10.4726
126 -3.02231 -2.21783 6.16651 10.4795
128 -3.02192 -2.21796 6.1692 10.4865
130 -3.02156 -2.2181 6.17189 10.4934
132 -3.02122 -2.21825 6.17459 10.5005
134 -3.02091 -2.21842 6.1773 10.5076
136 -3.02062 -2.2186 6.18001 10.5147
138 -3.02035 -2.21879 6.18273 10.5218
140 -3.0201 -2.219 6.18546 10.5291
142 -3.01987 -2.21921 6.18819 10.5363
144 -3.01966 -2.21944 6.19093 10.5436
146 -3.01947 -2.21967 6.19368 10.551
148 -3.0193 -2.21992 6.19643 10.5584
150 -3.01915 -2.22017 6.19919 10.5658
152 -3.01902 -2.22043 6.20195 10.5733
154 -3.0189 -2.2207 6.20472 10.5808
156 -3.0188 -2.22097 6.2075 10.5884
158 -3.01872 -2.22125 6.21028 10.596
160 -3.01865 -2.22153 6.21307 10.6037
162 -3.0186 -2.22182 6.21586 10.6114
164 -3.01856 -2.22211 6.21866 10.6192
166 -3.01854 -2.2224 6.22147 10.627
168 -3.01852 -2.2227 6.22428 10.6348
170 -3.01852 -2.223 6.2271 10.6427
172 -3.01854 -2.2233 6.22993 10.6507
174 -3.01856 -2.2236 6.23276 10.6586
176 -3.01859 -2.2239 6.2356 10.6667
178 -3.01863 -2.2242 6.23844 10.6747
180 -3.01868 -2.2245 6.24129 10.6828
182 -3.01874 -2.22479 6.24415 10.691
184 -3.01881 -2.22509 6.24701 10.6992
186 -3.01888 -2.22538 6.24988 10.7074
188 -3.01896 -2.22567 6.25275 10.7157
190 -3.01905 -2.22595 6.25563 10.7241
192 -3.01914 -2.22624 6.25852 10.7324
194 -3.01923 -2.22651 6.26141 10.7409
196 -3.01933 -2.22678 6.26431 10.7493
198 -3.01943 -2.22705 6.26722 10.7578
