0 36.3116 32.82
1 29.4992 27.29
2 18.645 19.7
3 12.8812 12.66
4 10.0402 8.46
5 8.2699 6.45
6 7.19597 4.86
7 6.42202 5.2
8 6.21216 6.32
9 5.97432 7.2
10 6.23329 6.34
11 6.20303 5.65
12 6.40045 5.87
13 7.69205 6.06
14 9.05275 7.92
15 10.4024 9.95
16 8.33842 8.44
17 8.18661 7.62
18 10.1966 8.51
19 10.8207 12.18
20 10.1015 12.8
21 10.2326 11.33
22 13.5674 10.65
23 15.8218 11.02
24 10.846 9.08
25 11.0916 8.68
26 10.1079 8.63
27 10.3049 9
28 10.2706 9.57
29 9.12997 9.34
30 9.44764 8.16
31 9.43878 9.33
32 9.34998 8.65
33 12.7743 9.87
34 13.3119 8.95
35 9.69089 8.13
36 9.11526 9.82
37 7.73675 7.31
38 8.30203 6.44
39 8.13447 6.07
40 9.60014 7.64
41 11.0025 8.78
42 12.395 9.32
43 18.1043 11.29
44 16.5553 13.23
45 15.1611 13.66
46 12.5347 13.18
47 9.63932 13.48
48 11.301 15.49
49 9.505 13.9
50 8.86747 10.93
51 10.5287 10.37
52 10.4571 8.22
53 8.85002 6.8
54 7.34712 7.55
55 6.74415 5.85
56 7.22312 5.63
57 7.72943 6.04
58 10.2765 8.1
59 13.0697 8.86
60 15.1252 10.72
61 21.8942 12.64
62 20.2141 12.86
63 13.3664 11.88
64 10.096 9.66
65 8.22751 8.32
66 8.19824 6.7
67 7.2495 5.98
68 7.63085 6.32
69 8.1683 6.81
70 9.03258 6.71
71 11.0381 10.67
72 12.0294 14.96
73 15.2785 16.81
74 15.3233 18.44
75 20.7044 20.24
76 13.7817 19.2
77 12.6361 17.62
78 15.0568 15.45
79 12.5781 13.67
80 9.78484 12.6
81 10.5477 14.58
82 10.7562 15.15
83 8.84544 12.57
84 8.22812 12.75
85 10.1542 12.01
86 11.6925 11.38
87 21.1225 13.85
88 18.2531 13.82
89 14.996 10.28
90 11.8019 8.3
91 9.38023 6.96
92 9.9701 6.08
93 9.46859 5.25
94 9.31885 5.5
95 9.21546 7.62
96 9.48857 8.45
97 10.7021 10.06
98 9.72516 11.18
99 11.9844 13.08
100 11.6828 16.5
101 15.6402 22.57
102 22.5079 24.28
103 18.648 23.66
104 19.6513 22.66
105 15.3642 20.64
106 12.331 16.42
107 11.3907 11.94
108 8.98725 8.92
109 8.4421 7.1
110 7.39509 5.76
111 7.47031 5.46
112 8.077 5.33
113 9.58671 8.47
114 12.4704 7.75
115 14.5521 8.45
116 13.1955 9.07
117 14.2733 12.73
118 11.3309 11.44
119 11.8432 9.35
120 10.2185 9.4
121 8.95999 7.11
122 9.99037 6.79
123 10.7192 6.68
124 10.6003 7.09
125 8.10951 6.4
126 8.11295 6.08
127 9.46299 7.44
128 8.10808 7.66
129 7.19098 5.67
130 8.16399 7.38
131 9.11109 8.91
132 8.07762 6.41
133 7.96662 7.28
134 10.4917 8.49
135 10.8095 8.9
136 9.58224 10.34
137 11.0335 11.11
138 9.3769 9.75
139 12.777 10.42
140 14.7347 13.49
141 14.9537 13.31
142 10.4024 9.52
143 10.4831 9.45
144 13.8352 11.18
145 10.8912 11.5
146 8.94301 7.72
147 11.2465 7.89
148 13.3526 8.4
149 10.7302 9.44
150 13.1313 9.75
151 11.6128 8.93
152 13.6901 9.51
153 18.7597 13.34
154 15.7082 10.99
155 18.852 10.76
156 21.9094 14.5
157 23.6305 21.1
158 15.4784 23.66
159 15.3044 24.39
160 20.3072 26.3
161 15.6579 29.04
162 12.1776 29.71
163 15.4605 32.6
164 19.7288 34.16
165 13.2847 36.08
166 12.8684 38.9
167 21.9416 41.54
168 28.0699 41.81
