6 0.0356135
7 0.331216
8 0.466594
9 0.411727
10 0.238331
11 0.105956
12 0.190711
13 0.220217
14 0.29013
15 0.184003
16 0.224899
17 0.161023
18 0.219675
19 0.152611
20 0.277017
21 0.13178
22 0.180282
23 0.301522
24 0.237383
25 0.232684
26 0.301879
27 0.264823
28 0.364409
29 0.294244
30 0.34758
31 0.37405
32 0.328357
33 0.297549
34 0.298024
35 0.303617
36 0.417491
37 0.311144
38 0.395697
39 0.362586
40 0.385332
41 0.32709
42 0.415614
43 0.373325
44 0.34444
45 0.359028
46 0.373642
47 0.456544
48 0.2534
49 0.398922
50 0.544158
51 0.282289
52 0.319546
53 0.445356
54 0.363354
55 0.375356
56 0.253714
57 0.481442
58 0.278886
59 0.320485
60 0.476942
61 0.33419
62 0.2996
63 0.333389
64 0.359042
65 0.318755
66 0.419987
67 0.489549
68 0.301555
69 0.366647
70 0.453672
71 0.356091
72 0.458538
73 0.307933
74 0.484482
75 0.340087
76 0.41422
77 0.459318
78 0.215152
79 0.277221
80 0.425599
81 0.494936
82 0.335431
83 0.485221
84 0.232853
85 0.38946
86 0.27563
87 0.375371
88 0.162668
89 0.448006
90 0.482026
91 0.478102
92 0.574512
93 0.429817
94 0.557288
95 0.407211
96 0.306592
97 0.481585
98 0.512675
99 0.480708
100 0.391406
101 0.421066
102 0.378571
103 0.455028
104 0.175755
105 0.59805
106 0.440645
107 0.502835
108 0.465236
109 0.163589
110 0.259063
111 0.462591
112 0.430477
113 0.395363
114 0.309088
115 0.550478
116 0.382883
117 0.451417
118 0.412581
119 0.551448
120 0.53213
121 0.505214
122 0.375136
123 0.489226
124 0.469089
125 0.55922
126 0.443278
127 0.453708
128 0.493654
129 0.412064
130 0.402806
131 0.519348
132 0.586328
133 0.526694
134 0.514029
135 0.27999
136 0.481818
137 0.361518
138 0.252733
139 0.454009
140 0.369332
141 0.370396
142 0.472795
143 0.343348
144 0.458288
145 0.352527
146 0.409276
147 0.500852
148 0.321753
149 0.595083
150 0.443217
151 0.53113
152 0.352773
153 0.384154
154 0.346432
155 0.420164
156 0.331115
157 0.445467
158 0.421461
159 0.309344
160 0.204442
161 0.276933
162 0.392893
163 0.24058
164 0.448152
165 0.425322
166 0.370502
167 0.37821
168 0.338047
169 0.462486
170 0.197845
171 0.332453
172 0.143295
173 0.37142
174 0.353331
175 0.315184
176 0.29732
177 0.396215
178 0.462707
179 0.299104
180 0.270435
181 0.414879
182 0.363819
183 0.403082
184 0.402235
185 0.24591
186 0.474572
187 0.451803
188 0.538463
189 0.336278
190 0.302315
191 0.327298
192 0.359023
193 0.316951
194 0.356464
195 0.359535
196 0.379345
197 0.425708
198 0.359737
199 0.642959
200 0.429222
201 0.164331
202 0.358717
203 0.409989
204 0.432569
205 0.265675
206 0.498962
207 0.336154
208 0.358565
209 0.333782
210 0.405264
211 0.346105
212 0.517302
213 0.429144
214 0.313954
215 0.524677
216 0.321189
217 0.41579
218 0.548792
219 0.379893
220 0.3066
221 0.380024
222 0.526827
223 0.265332
224 0.222685
225 0.385318
226 0.375383
227 0.547059
228 0.402878
229 0.382894
230 0.461441
231 0.488676
232 0.479948
233 0.300665
234 0.5187
235 0.327833
236 0.320909
237 0.37165
238 0.19695
239 0.245455
240 0.360432
241 0.437629
242 0.444997
243 0.311408
244 0.290841
245 0.297696
246 0.262365
247 0.324481
248 0.444046
249 0.339108
250 0.245488
251 0.217562
252 0.300826
253 0.260156
254 0.365366
255 0.267518
256 0.151071
257 0.223312
258 0.0615238
259 0.106008
260 0.132702
261 0.233624
262 0.115714
263 0.226434
264 0.243959
265 0.0994839
266 0.106654
267 0.201415
268 0.150934
269 0.0341846
