-60 -1.23429 -1.03198 -0.888976 8.94443 8.83578 7.57751
-59.4 -1.2344 -1.0318 -0.889193 8.93383 8.82846 7.57357
-58.8 -1.23451 -1.03161 -0.889407 8.92325 8.82118 7.56964
-58.2 -1.23462 -1.03143 -0.88962 8.91269 8.81394 7.5657
-57.6 -1.23472 -1.03124 -0.889829 8.90215 8.80674 7.56177
-57 -1.23483 -1.03106 -0.890036 8.89164 8.79958 7.55785
-56.4 -1.23494 -1.03087 -0.890241 8.88115 8.79246 7.55392
-55.8 -1.23505 -1.03068 -0.890443 8.87068 8.78539 7.55
-55.2 -1.23516 -1.0305 -0.890643 8.86024 8.77835 7.54608
-54.6 -1.23527 -1.03031 -0.89084 8.84982 8.77136 7.54216
-54 -1.23538 -1.03012 -0.891034 8.83942 8.76441 7.53825
-53.4 -1.23548 -1.02994 -0.891226 8.82904 8.7575 7.53433
-52.8 -1.23559 -1.02975 -0.891416 8.81869 8.75064 7.53042
-52.2 -1.2357 -1.02956 -0.891603 8.80836 8.74382 7.52652
-51.6 -1.23581 -1.02937 -0.891787 8.79805 8.73703 7.52261
-51 -1.23592 -1.02919 -0.891969 8.78777 8.7303 7.51871
-50.4 -1.23602 -1.029 -0.892148 8.77751 8.7236 7.51481
-49.8 -1.23613 -1.02881 -0.892325 8.76727 8.71695 7.51091
-49.2 -1.23624 -1.02862 -0.892499 8.75706 8.71034 7.50702
-48.6 -1.23634 -1.02843 -0.89267 8.74687 8.70377 7.50312
-48 -1.23645 -1.02824 -0.892839 8.73671 8.69725 7.49923
-47.4 -1.23656 -1.02805 -0.893006 8.72657 8.69076 7.49535
-46.8 -1.23666 -1.02786 -0.893169 8.71645 8.68433 7.49146
-46.2 -1.23677 -1.02767 -0.89333 8.70636 8.67793 7.48758
-45.6 -1.23687 -1.02747 -0.893488 8.69629 8.67158 7.4837
-45 -1.23698 -1.02728 -0.893644 8.68624 8.66527 7.47982
-44.4 -1.23708 -1.02709 -0.893796 8.67622 8.65901 7.47595
-43.8 -1.23719 -1.0269 -0.893946 8.66622 8.65278 7.47208
-43.2 -1.23729 -1.0267 -0.894093 8.65625 8.64661 7.46821
-42.6 -1.23739 -1.02651 -0.894238 8.6463 8.64047 7.46434
-42 -1.23749 -1.02631 -0.894379 8.63638 8.63438 7.46048
-41.4 -1.23759 -1.02612 -0.894518 8.62648 8.62834 7.45661
-40.8 -1.23769 -1.02592 -0.894653 8.61661 8.62234 7.45276
-40.2 -1.23779 -1.02573 -0.894786 8.60676 8.61638 7.4489
-39.6 -1.23789 -1.02553 -0.894916 8.59694 8.61047 7.44504
-39 -1.23799 -1.02533 -0.895043 8.58714 8.6046 7.44119
-38.4 -1.23809 -1.02513 -0.895167 8.57736 8.59877 7.43734
-37.8 -1.23818 -1.02494 -0.895288 8.56761 8.59299 7.4335
-37.2 -1.23828 -1.02474 -0.895405 8.55789 8.58726 7.42966
-36.6 -1.23837 -1.02454 -0.89552 8.54819 8.58157 7.42581
-36 -1.23846 -1.02433 -0.895632 8.53852 8.57592 7.42198
-35.4 -1.23855 -1.02413 -0.89574 8.52887 8.57032 7.41814
-34.8 -1.23865 -1.02393 -0.895846 8.51925 8.56476 7.41431
-34.2 -1.23873 -1.02373 -0.895948 8.50965 8.55925 7.41048
-33.6 -1.23882 -1.02352 -0.896047 8.50008 8.55379 7.40665
-33 -1.23891 -1.02332 -0.896143 8.49054 8.54837 7.40282
-32.4 -1.239 -1.02311 -0.896235 8.48102 8.54299 7.399
-31.8 -1.23908 -1.0229 -0.896325 8.47153 8.53766 7.39518
-31.2 -1.23916 -1.02269 -0.896411 8.46206 8.53238 7.39136
-30.6 -1.23925 -1.02249 -0.896493 8.45262 8.52714 7.38755
-30 -1.23933 -1.02228 -0.896573 8.44321 8.52195 7.38374
-29.4 -1.2394 -1.02206 -0.896649 8.43382 8.5168 7.37993
-28.8 -1.23948 -1.02185 -0.896721 8.42446 8.5117 7.37612
-28.2 -1.23956 -1.02164 -0.89679 8.41513 8.50664 7.37232
-27.6 -1.23963 -1.02143 -0.896856 8.40582 8.50163 7.36852
-27 -1.2397 -1.02121 -0.896919 8.39654 8.49667 7.36472
-26.4 -1.23977 -1.02099 -0.896978 8.38728 8.49175 7.36092
-25.8 -1.23984 -1.02078 -0.897033 8.37806 8.48688 7.35713
-25.2 -1.23991 -1.02056 -0.897085 8.36886 8.48206 7.35334
-24.6 -1.23998 -1.02034 -0.897134 8.35968 8.47728 7.34955
-24 -1.24004 -1.02012 -0.897179 8.35054 8.47255 7.34577
-23.4 -1.2401 -1.0199 -0.897221 8.34142 8.46786 7.34198
-22.8 -1.24016 -1.01967 -0.897259 8.33233 8.46323 7.3382
-22.2 -1.24022 -1.01945 -0.897293 8.32327 8.45863 7.33443
-21.6 -1.24028 -1.01922 -0.897324 8.31423 8.45409 7.33065
-21 -1.24033 -1.019 -0.897352 8.30522 8.44959 7.32688
-20.4 -1.24039 -1.01877 -0.897376 8.29624 8.44514 7.32311
-19.8 -1.24044 -1.01854 -0.897396 8.28729 8.44074 7.31934
-19.2 -1.24049 -1.01831 -0.897413 8.27836 8.43638 7.31558
-18.6 -1.24054 -1.01808 -0.897426 8.26947 8.43207 7.31182
-18 -1.24058 -1.01785 -0.897436 8.2606 8.42781 7.30806
-17.4 -1.24062 -1.01762 -0.897442 8.25176 8.42359 7.30431
-16.8 -1.24067 -1.01738 -0.897444 8.24294 8.41942 7.30056
-16.2 -1.2407 -1.01715 -0.897443 8.23416 8.4153 7.29681
-15.6 -1.24074 -1.01691 -0.897439 8.2254 8.41123 7.29306
-15 -1.24078 -1.01667 -0.89743 8.21668 8.40721 7.28931
-14.4 -1.24081 -1.01643 -0.897418 8.20798 8.40323 7.28557
-13.8 -1.24084 -1.01619 -0.897403 8.19931 8.3993 7.28183
-13.2 -1.24087 -1.01595 -0.897383 8.19067 8.39542 7.2781
-12.6 -1.2409 -1.0157 -0.89736 8.18205 8.39158 7.27437
-12 -1.24092 -1.01546 -0.897334 8.17347 8.3878 7.27063
-11.4 -1.24094 -1.01521 -0.897303 8.16492 8.38406 7.26691
-10.8 -1.24096 -1.01497 -0.897269 8.15639 8.38037 7.26318
-10.2 -1.24098 -1.01472 -0.897232 8.1479 8.37672 7.25946
-9.6 -1.24099 -1.01447 -0.89719 8.13943 8.37313 7.25574
-9 -1.24101 -1.01422 -0.897145 8.13099 8.36958 7.25202
-8.4 -1.24102 -1.01396 -0.897096 8.12259 8.36609 7.24831
-7.8 -1.24102 -1.01371 -0.897043 8.11421 8.36264 7.2446
-7.2 -1.24103 -1.01345 -0.896987 8.10586 8.35924 7.24089
-6.6 -1.24103 -1.0132 -0.896927 8.09754 8.35589 7.23719
-6 -1.24103 -1.01294 -0.896863 8.08926 8.35258 7.23349
-5.4 -1.24103 -1.01268 -0.896795 8.081 8.34933 7.22979
-4.8 -1.24103 -1.01242 -0.896723 8.07277 8.34612 7.22609
-4.2 -1.24102 -1.01215 -0.896648 8.06457 8.34296 7.2224
-3.6 -1.24101 -1.01189 -0.896568 8.05641 8.33985 7.2187
-3 -1.241 -1.01162 -0.896485 8.04827 8.33679 7.21502
-2.4 -1.24098 -1.01136 -0.896398 8.04016 8.33378 7.21133
-1.8 -1.24097 -1.01109 -0.896306 8.03209 8.33082 7.20765
-1.2 -1.24095 -1.01082 -0.896211 8.02404 8.32791 7.20397
-0.6 -1.24092 -1.01054 -0.896112 8.01603 8.32504 7.20029
0 -1.2409 -1.01027 -0.896009 8.00804 8.32223 7.19662
0.6 -1.24087 -1.00999 -0.895902 8.00009 8.31946 7.19295
1.2 -1.24084 -1.00972 -0.895791 7.99217 8.31674 7.18928
1.8 -1.2408 -1.00944 -0.895676 7.98428 8.31408 7.18561
2.4 -1.24076 -1.00915 -0.895557 7.97642 8.31146 7.18195
3 -1.24072 -1.00887 -0.895433 7.96859 8.30889 7.17829
3.6 -1.24068 -1.00859 -0.895306 7.96079 8.30637 7.17464
4.2 -1.24064 -1.0083 -0.895174 7.95303 8.3039 7.17098
4.8 -1.24059 -1.00801 -0.895039 7.94529 8.30148 7.16733
5.4 -1.24053 -1.00772 -0.894899 7.93759 8.29911 7.16368
6 -1.24048 -1.00743 -0.894755 7.92992 8.29679 7.16004
6.6 -1.24042 -1.00713 -0.894607 7.92228 8.29451 7.1564
7.2 -1.24036 -1.00684 -0.894454 7.91468 8.29229 7.15276
7.8 -1.24029 -1.00654 -0.894297 7.9071 8.29012 7.14912
8.4 -1.24023 -1.00624 -0.894136 7.89956 8.288 7.14549
9 -1.24016 -1.00593 -0.893971 7.89205 8.28592 7.14186
9.6 -1.24008 -1.00563 -0.893802 7.88457 8.2839 7.13823
10.2 -1.24 -1.00532 -0.893628 7.87713 8.28192 7.13461
10.8 -1.23992 -1.00501 -0.893449 7.86971 8.28 7.13099
11.4 -1.23984 -1.0047 -0.893267 7.86233 8.27813 7.12737
12 -1.23975 -1.00439 -0.89308 7.85498 8.2763 7.12375
12.6 -1.23966 -1.00407 -0.892888 7.84767 8.27453 7.12014
13.2 -1.23957 -1.00375 -0.892693 7.84039 8.2728 7.11653
13.8 -1.23947 -1.00343 -0.892492 7.83314 8.27113 7.11292
14.4 -1.23937 -1.00311 -0.892288 7.82592 8.26951 7.10932
15 -1.23926 -1.00278 -0.892078 7.81874 8.26793 7.10572
15.6 -1.23915 -1.00245 -0.891865 7.81159 8.26641 7.10212
16.2 -1.23904 -1.00212 -0.891647 7.80447 8.26493 7.09853
16.8 -1.23893 -1.00179 -0.891424 7.79739 8.26351 7.09494
17.4 -1.23881 -1.00145 -0.891197 7.79034 8.26214 7.09135
18 -1.23868 -1.00111 -0.890965 7.78333 8.26081 7.08776
18.6 -1.23856 -1.00077 -0.890729 7.77634 8.25954 7.08418
19.2 -1.23843 -1.00043 -0.890488 7.7694 8.25832 7.0806
19.8 -1.2383 -1.00008 -0.890242 7.76248 8.25714 7.07702
20.4 -1.23816 -0.999734 -0.889992 7.7556 8.25602 7.07345
21 -1.23802 -0.999382 -0.889738 7.74875 8.25495 7.06988
21.6 -1.23787 -0.999027 -0.889479 7.74194 8.25393 7.06631
22.2 -1.23772 -0.99867 -0.889215 7.73516 8.25296 7.06275
22.8 -1.23757 -0.998309 -0.888946 7.72842 8.25204 7.05918
23.4 -1.23742 -0.997946 -0.888674 7.72171 8.25117 7.05563
24 -1.23726 -0.99758 -0.888396 7.71504 8.25035 7.05207
24.6 -1.23709 -0.997212 -0.888114 7.7084 8.24958 7.04852
25.2 -1.23693 -0.99684 -0.887827 7.70179 8.24886 7.04497
25.8 -1.23676 -0.996465 -0.887536 7.69522 8.24819 7.04142
26.4 -1.23658 -0.996088 -0.88724 7.68868 8.24757 7.03788
27 -1.23641 -0.995707 -0.886939 7.68218 8.247 7.03434
27.6 -1.23622 -0.995324 -0.886634 7.67572 8.24649 7.0308
28.2 -1.23604 -0.994938 -0.886325 7.66929 8.24602 7.02727
28.8 -1.23585 -0.994548 -0.88601 7.66289 8.2456 7.02374
29.4 -1.23566 -0.994156 -0.885692 7.65653 8.24524 7.02021
30 -1.23546 -0.993761 -0.885368 7.65021 8.24492 7.01669
30.6 -1.23526 -0.993362 -0.885041 7.64392 8.24466 7.01316
31.2 -1.23506 -0.992961 -0.884709 7.63766 8.24444 7.00965
31.8 -1.23485 -0.992557 -0.884372 7.63144 8.24428 7.00613
32.4 -1.23464 -0.99215 -0.884031 7.62526 8.24417 7.00262
33 -1.23442 -0.991739 -0.883685 7.61912 8.2441 6.99911
33.6 -1.2342 -0.991326 -0.883336 7.613 8.24409 6.9956
34.2 -1.23398 -0.99091 -0.882982 7.60693 8.24413 6.9921
34.8 -1.23375 -0.990491 -0.882623 7.60089 8.24422 6.9886
35.4 -1.23353 -0.990069 -0.88226 7.59489 8.24436 6.9851
36 -1.23329 -0.989644 -0.881893 7.58892 8.24455 6.98161
36.6 -1.23306 -0.989216 -0.881522 7.58299 8.24479 6.97812
37.2 -1.23282 -0.988785 -0.881147 7.5771 8.24508 6.97463
37.8 -1.23257 -0.988351 -0.880768 7.57124 8.24542 6.97115
38.4 -1.23233 -0.987914 -0.880384 7.56542 8.24582 6.96767
39 -1.23208 -0.987474 -0.879997 7.55964 8.24626 6.96419
39.6 -1.23182 -0.987032 -0.879605 7.55389 8.24675 6.96072
40.2 -1.23157 -0.986587 -0.87921 7.54818 8.2473 6.95724
40.8 -1.23131 -0.986138 -0.878811 7.54251 8.24789 6.95378
41.4 -1.23105 -0.985688 -0.878408 7.53687 8.24854 6.95031
42 -1.23078 -0.985234 -0.878002 7.53127 8.24923 6.94685
42.6 -1.23051 -0.984778 -0.877591 7.52571 8.24998 6.94339
43.2 -1.23024 -0.984319 -0.877177 7.52019 8.25077 6.93994
43.8 -1.22997 -0.983857 -0.87676 7.5147 8.25162 6.93648
44.4 -1.22969 -0.983393 -0.876339 7.50925 8.25252 6.93303
45 -1.22941 -0.982926 -0.875914 7.50384 8.25346 6.92959
45.6 -1.22912 -0.982457 -0.875487 7.49846 8.25446 6.92615
46.2 -1.22884 -0.981985 -0.875056 7.49313 8.25551 6.92271
46.8 -1.22855 -0.98151 -0.874622 7.48783 8.25661 6.91927
47.4 -1.22826 -0.981034 -0.874184 7.48257 8.25776 6.91584
48 -1.22796 -0.980555 -0.873744 7.47734 8.25895 6.91241
48.6 -1.22767 -0.980073 -0.873301 7.47216 8.2602 6.90898
49.2 -1.22737 -0.97959 -0.872854 7.46701 8.2615 6.90556
49.8 -1.22707 -0.979104 -0.872405 7.4619 8.26285 6.90214
50.4 -1.22677 -0.978616 -0.871953 7.45683 8.26425 6.89872
51 -1.22646 -0.978125 -0.871499 7.4518 8.2657 6.89531
51.6 -1.22615 -0.977633 -0.871042 7.4468 8.2672 6.8919
52.2 -1.22584 -0.977139 -0.870582 7.44185 8.26875 6.88849
52.8 -1.22553 -0.976643 -0.87012 7.43693 8.27035 6.88509
53.4 -1.22522 -0.976144 -0.869656 7.43205 8.272 6.88169
54 -1.2249 -0.975644 -0.869189 7.42721 8.27371 6.87829
54.6 -1.22458 -0.975142 -0.86872 7.42241 8.27546 6.8749
55.2 -1.22427 -0.974639 -0.868249 7.41765 8.27726 6.87151
55.8 -1.22395 -0.974133 -0.867776 7.41293 8.27911 6.86812
56.4 -1.22362 -0.973626 -0.867301 7.40824 8.28101 6.86474
57 -1.2233 -0.973118 -0.866825 7.4036 8.28296 6.86136
57.6 -1.22297 -0.972607 -0.866346 7.39899 8.28496 6.85798
58.2 -1.22265 -0.972096 -0.865866 7.39442 8.28701 6.8546
58.8 -1.22232 -0.971582 -0.865384 7.38989 8.28911 6.85123
59.4 -1.22199 -0.971068 -0.864901 7.38541 8.29126 6.84787
