6 0.0628711
7 0.404569
8 0.432995
9 0.454538
10 0.269077
11 0.297357
12 0.056284
13 0.284936
14 0.272213
15 0.275277
16 0.237481
17 0.262676
18 0.23423
19 0.199162
20 0.165838
21 0.210264
22 0.210601
23 0.416361
24 0.431082
25 0.234934
26 0.3347
27 0.30871
28 0.267887
29 0.391034
30 0.315152
31 0.150197
32 0.260718
33 0.319202
34 0.432083
35 0.493947
36 0.3334
37 0.317165
38 0.466101
39 0.509939
40 0.406501
41 0.36326
42 0.242723
43 0.265297
44 0.435417
45 0.387872
46 0.385615
47 0.374392
48 0.419667
49 0.3597
50 0.464494
51 0.558946
52 0.300773
53 0.39866
54 0.436897
55 0.359731
56 0.584575
57 0.276341
58 0.367114
59 0.423845
60 0.276332
61 0.440654
62 0.366817
63 0.406879
64 0.504984
65 0.583511
66 0.403508
67 0.535288
68 0.126584
69 0.401866
70 0.546378
71 0.371193
72 0.411926
73 0.364452
74 0.426365
75 0.373516
76 0.369306
77 0.491792
78 0.460874
79 0.523191
80 0.492516
81 0.441811
82 0.407772
83 0.548175
84 0.416873
85 0.372144
86 0.480519
87 0.378764
88 0.493144
89 0.377825
90 0.559497
91 0.485948
92 0.571611
93 0.49671
94 0.315065
95 0.371292
96 0.544409
97 0.272898
98 0.420813
99 0.376526
100 0.460453
101 0.531235
102 0.343579
103 0.410297
104 0.570402
105 0.452807
106 0.475216
107 0.314981
108 0.403405
109 0.431834
110 0.468101
111 0.332516
112 0.473011
113 0.399643
114 0.345329
115 0.542395
116 0.537099
117 0.400403
118 0.538372
119 0.555998
120 0.570021
121 0.516604
122 0.517838
123 0.514982
124 0.441789
125 0.447356
126 0.514794
127 0.555041
128 0.557113
129 0.506041
130 0.65936
131 0.456415
132 0.411855
133 0.373525
134 0.442611
135 0.334193
136 0.418609
137 0.31596
138 0.472528
139 0.536788
140 0.471039
141 0.147122
142 0.389253
143 0.354637
144 0.302134
145 0.125203
146 0.434072
147 0.44627
148 0.461055
149 0.412615
150 0.458898
151 0.495056
152 0.357515
153 0.342297
154 0.417264
155 0.325115
156 0.162892
157 0.281132
158 0.23398
159 0.265467
160 0.350255
161 0.361537
162 0.327028
163 0.497064
164 0.400399
165 0.475896
166 0.254262
167 0.441762
168 0.357111
169 0.40023
170 0.53221
171 0.388804
172 0.195388
173 0.145921
174 0.424965
175 0.415454
176 0.26921
177 0.450565
178 0.32327
179 0.519944
180 0.46404
181 0.312402
182 0.31405
183 0.249928
184 0.527211
185 0.186884
186 0.376723
187 0.325374
188 0.457811
189 0.393077
190 0.43175
191 0.136786
192 0.429524
193 0.605827
194 0.452202
195 0.380888
196 0.469329
197 0.447088
198 0.183463
199 0.351271
200 0.508405
201 0.337044
202 0.331345
203 0.52417
204 0.241159
205 0.312262
206 0.517001
207 0.395972
208 0.501575
209 0.424809
210 0.377206
211 0.529122
212 0.238503
213 0.348017
214 0.416997
215 0.495089
216 0.397288
217 0.482814
218 0.32777
219 0.453792
220 0.433491
221 0.489783
222 0.440314
223 0.503769
224 0.353308
225 0.513715
226 0.369164
227 0.463416
228 0.527081
229 0.367275
230 0.302074
231 0.48208
232 0.457175
233 0.311048
234 0.325925
235 0.375794
236 0.474299
237 0.318962
238 0.348688
239 0.346558
240 0.383409
241 0.12661
242 0.376274
243 0.183394
244 0.221135
245 0.33685
246 0.0852486
247 0.457292
248 0.161422
249 0.417789
250 0.294807
251 0.284079
252 0.113843
253 0.163035
254 0.300642
255 0.143119
256 0.13484
257 0.1403
258 0.39017
259 0.152283
260 0.1552
261 0.0571135
262 0.0976318
263 0.0760402
264 0.115977
265 0.10962
266 0.142212
267 0.0977487
268 0.143089
269 0.0422131
