6 0.117213
7 0.286429
8 0.332744
9 0.223354
10 0.233336
11 0.0856678
12 0.235181
13 0.123596
14 0.137982
15 0.0792449
16 0.198001
17 0.232322
18 0.32297
19 0.217677
20 0.271935
21 0.138821
22 0.215811
23 0.2433
24 0.200626
25 0.244483
26 0.282431
27 0.219266
28 0.26483
29 0.358287
30 0.226397
31 0.145312
32 0.290089
33 0.324092
34 0.343179
35 0.329282
36 0.337675
37 0.287488
38 0.316634
39 0.337441
40 0.327212
41 0.344001
42 0.24861
43 0.438772
44 0.465808
45 0.3818
46 0.291236
47 0.21214
48 0.38316
49 0.150638
50 0.120977
51 0.408124
52 0.109486
53 0.158815
54 0.338784
55 0.371137
56 0.526665
57 0.312128
58 0.440699
59 0.366835
60 0.316012
61 0.325343
62 0.405072
63 0.28705
64 0.456533
65 0.31945
66 0.365362
67 0.446158
68 0.379378
69 0.336866
70 0.458674
71 0.353386
72 0.353461
73 0.24285
74 0.350553
75 0.243675
76 0.538334
77 0.413477
78 0.468569
79 0.277686
80 0.26419
81 0.401735
82 0.323944
83 0.433194
84 0.518209
85 0.345322
86 0.389015
87 0.283393
88 0.45773
89 0.173487
90 0.40931
91 0.397424
92 0.557525
93 0.453386
94 0.355491
95 0.465739
96 0.376625
97 0.531869
98 0.490619
99 0.182897
100 0.354896
101 0.445534
102 0.460837
103 0.275701
104 0.107174
105 0.368652
106 0.465124
107 0.372645
108 0.404903
109 0.339752
110 0.409166
111 0.275325
112 0.255509
113 0.435151
114 0.481467
115 0.42995
116 0.399042
117 0.331737
118 0.485525
119 0.261591
120 0.254556
121 0.496798
122 0.383824
123 0.224895
124 0.509077
125 0.344787
126 0.474619
127 0.327764
128 0.291411
129 0.27521
130 0.450213
131 0.363165
132 0.397268
133 0.383724
134 0.387452
135 0.438875
136 0.358778
137 0.444995
138 0.40908
139 0.376753
140 0.457791
141 0.406718
142 0.409611
143 0.415734
144 0.505064
145 0.465318
146 0.486817
147 0.408886
148 0.423498
149 0.424584
150 0.365354
151 0.441819
152 0.406558
153 0.451113
154 0.475201
155 0.453379
156 0.525416
157 0.528277
158 0.536937
159 0.452347
160 0.490051
161 0.439513
162 0.397595
163 0.197531
164 0.446599
165 0.391457
166 0.498819
167 0.44179
168 0.508019
169 0.240921
170 0.306906
171 0.29201
172 0.445978
173 0.445127
174 0.352105
175 0.407417
176 0.50893
177 0.457083
178 0.42062
179 0.43516
180 0.384571
181 0.452218
182 0.29234
183 0.32241
184 0.353171
185 0.331919
186 0.320566
187 0.34442
188 0.459691
189 0.363198
190 0.329867
191 0.301342
192 0.437282
193 0.265933
194 0.432636
195 0.398388
196 0.389381
197 0.273728
198 0.484106
199 0.335158
200 0.338954
201 0.328495
202 0.186166
203 0.456173
204 0.47695
205 0.142858
206 0.387295
207 0.388207
208 0.275342
209 0.250607
210 0.150256
211 0.512656
212 0.459209
213 0.278998
214 0.25828
215 0.281502
216 0.372388
217 0.339605
218 0.462329
219 0.384338
220 0.416355
221 0.168024
222 0.456235
223 0.209765
224 0.457244
225 0.455031
226 0.348259
227 0.215553
228 0.345282
229 0.368012
230 0.34923
231 0.332361
232 0.220664
233 0.380532
234 0.399236
235 0.295223
236 0.163299
237 0.278454
238 0.152456
239 0.203967
240 0.365712
241 0.223469
242 0.294496
243 0.364114
244 0.306714
245 0.186475
246 0.101839
247 0.404372
248 0.185124
249 0.22908
250 0.284348
251 0.100197
252 0.268585
253 0.187252
254 0.165623
255 0.0942054
256 0.118699
257 0.0521573
258 0.100265
259 0.110326
260 0.330759
261 0.203669
262 0.430003
263 0.155995
264 0.1571
265 0.188619
266 0.150807
267 0.205265
268 0.204072
269 0.0405038
